ClassID	ClassName	LHand	RHand	Ref_Stn1	Ref_Stn2	Ref_Stn3	Ref_Stn4	Ref_Stn5	Ref_Stn6	Riding	Stance1	Stance2	Stance3	Stance4	Stance5	Stance6	UseJob
100	SC_100	None	None	Bareknuckle	none	none	none	none	none	FALSE	10010	0	0	0	0	0	Fighter
101	SC_101	None	Sword	BackGuard	Equites	none	none	none	none	FALSE	10110	10360	0	0	0	0	Fighter
102	SC_102	Shield	Sword	BackGuard	HighGuard	none	none	none	none	FALSE	10110	10120	0	0	0	0	Fighter
103	SC_103	Sword	Sword	HackandSlash	none	none	none	none	none	FALSE	10130	0	0	0	0	0	Fighter
104	SC_104	Pistol	Sword	HeavenorHell	none	none	none	none	none	FALSE	10710	0	0	0	0	0	Fighter
105	SC_105	None	Rapier	EpeeGarde	SabreGarde	none	none	none	none	FALSE	10210	10220	0	0	0	0	Fighter
106	SC_106	None	Sabre	MiddleGuard	LowGuard	none	none	none	none	FALSE	10310	10340	0	0	0	0	Fighter
107	SC_107	None	THSword	PlowGuard	RoofGuard	Sidewinder	HangingGuard	none	none	FALSE	10410	10430	10440	10460	0	0	Fighter
108	SC_108	None	Polearm	BlandirCruz	MightyCruz	TronadaCruz	none	none	none	FALSE	10510	10540	10550	0	0	0	Fighter
109	SC_109	None	Dagger	Escrima	none	none	none	none	none	FALSE	10610	0	0	0	0	0	Fighter
110	SC_110	None	Pistol	FreestyleShot	none	none	none	none	none	FALSE	11020	0	0	0	0	0	Fighter
111	SC_111	Pistol	Pistol	DoublegunsShot	none	none	none	none	none	FALSE	11030	0	0	0	0	0	Fighter
112	SC_112	Pistol	Rapier	AvanceGarde	none	none	none	none	none	FALSE	10260	0	0	0	0	0	Fighter
113	SC_113	None	Blunt	BackGuard	none	none	none	none	none	FALSE	10110	0	0	0	0	0	Fighter
114	SC_114	Shield	Blunt	BackGuard	TheDefender	TheCrusader	none	none	none	FALSE	10110	10150	10170	0	0	0	Fighter
115	SC_115	None	Javelin	StabGuard	Peltast	none	none	none	none	FALSE	10530	10560	0	0	0	0	Fighter
116	SC_116	Shield	Javelin	StabGuard	Peltast	none	none	none	none	FALSE	10530	10560	0	0	0	0	Fighter
117	SC_117	None	Rapier	BloodGarde	none	none	none	none	none	FALSE	30008	0	0	0	0	0	Fighter
118	SC_118	Shield	Blunt	Defenders	none	none	none	none	none	FALSE	30009	0	0	0	0	0	Fighter
119	SC_119	Sword	Sword	G2HackandSlash	none	none	none	none	none	FALSE	30010	0	0	0	0	0	Fighter
200	SC_200	None	None	Psychokinesis	none	none	none	none	none	FALSE	20110	0	0	0	0	0	Wizard
201	SC_201	None	Rod	Psychokinesis	ESP	Incantation	Levitation	ThePowerofDarkness	none	FALSE	20110	20120	20150	20140	20170	0	Wizard
202	SC_202	None	Staff	Psychokinesis	PhantomIllusion	Anathema	Levitation	ThePowerofDarkness	none	FALSE	20110	20130	20160	20140	20170	0	Wizard
204	SC_204	None	Rod	Psychokinesis	ESP	Incantation	Levitation	Telekinesis	none	FALSE	20110	20120	20150	20140	20190	0	Wizard
300	SC_300	None	None	FirstAid	Fortitudo	InstallTrap	TacticalAssistance	none	none	FALSE	30110	30120	30210	30140	0	0	Scout
301	SC_301	None	Dagger	EscrimaSCT	Arnis	none	none	none	none	FALSE	10630	10660	0	0	0	0	Scout
302	SC_302	Dagger	Dagger	DobaladaCorteSCT	none	none	none	none	none	FALSE	10640	0	0	0	0	0	Scout
303	SC_303	None	Rosario	FirstAid	Fortitudo	TacticalAssistance	EnhancedTactics	BattleMedicine	none	FALSE	30110	30120	30140	30160	30130	0	Scout
400	SC_400	None	None	Bareknuckle	none	none	none	none	none	FALSE	10010	0	0	0	0	0	Musketeer
401	SC_401	None	Pistol	AimingShot	FreestyleShot	SightShot	none	none	none	FALSE	11010	11020	11040	0	0	0	Musketeer
402	SC_402	Pistol	Pistol	DoublegunsShot	OutrageShot	UnlimitedShot	none	none	none	FALSE	11030	11050	11080	0	0	0	Musketeer
403	SC_403	None	Rifle	StandingShot	KneelingShot	EncounterShot	Flintlock	none	none	FALSE	11110	11120	11610	11140	0	0	Musketeer
405	SC_405	Pistol	Pistol	DoublegunsShot	OutrageShot	none	none	none	none	FALSE	11030	11050	0	0	0	0	Musketeer
406	SC_406	None	Pistol	AimingShot	FreestyleShot	SightShot	WantedShot	none	none	FALSE	11010	11020	11040	11090	0	0	Musketeer
500	SC_500	None	None	PossessionFire	PossessionIce	PossessionLightning	none	none	none	FALSE	20210	20310	20410	0	0	0	Warlock
501	SC_501	None	FireBrc	PossessionFire	none	none	none	none	none	FALSE	20210	0	0	0	0	0	Warlock
502	SC_502	FireBrc	FireBrc	PossessionFire	EvocationFire	DominationFire	MagicofOccultism	none	none	FALSE	20210	20220	20230	20520	0	0	Warlock
503	SC_503	None	IceBrc	PossessionIce	none	none	none	none	none	FALSE	20310	0	0	0	0	0	Warlock
504	SC_504	IceBrc	IceBrc	PossessionIce	EvocationIce	DominationIce	MagicofOccultism	none	none	FALSE	20310	20320	20330	20520	0	0	Warlock
505	SC_505	None	LghtBrc	PossessionLightning	none	none	none	none	none	FALSE	20410	0	0	0	0	0	Warlock
506	SC_506	LghtBrc	LghtBrc	PossessionLightning	EvocationLightning	DominationLightning	MagicofOccultism	none	none	FALSE	20410	20420	20430	20520	0	0	Warlock
507	SC_507	None	ElemBrc	LordofElemental	PossessionFire	PossessionIce	PossessionLightning	none	none	FALSE	20510	20210	20310	20410	0	0	Warlock
508	SC_508	BoneBrc	FireBrc	PossessionFire	EvocationFire	DominationFire	MagicofOccultism	none	none	FALSE	20210	20220	20230	20520	0	0	Warlock
509	SC_509	BoneBrc	IceBrc	PossessionIce	EvocationIce	DominationIce	MagicofOccultism	none	none	FALSE	20310	20320	20330	20520	0	0	Warlock
510	SC_510	BoneBrc	LghtBrc	PossessionLightning	EvocationLightning	DominationLightning	MagicofOccultism	none	none	FALSE	20410	20420	20430	20520	0	0	Warlock
511	SC_511	ElemBrc	ElemBrc	MagicofOccultism	OccultismAssitance	none	none	none	none	FALSE	20520	20530	0	0	0	0	Warlock
512	SC_512	FireBrc	ElemBrc	MagicofOccultism	PossessionFire	EvocationFire	DominationFire	none	none	FALSE	20210	20220	20230	20520	0	0	Warlock
513	SC_513	IceBrc	ElemBrc	MagicofOccultism	PossessionIce	EvocationIce	DominationIce	none	none	FALSE	20310	20320	20330	20520	0	0	Warlock
514	SC_514	LghtBrc	ElemBrc	MagicofOccultism	PossessionLightning	EvocationLightning	DominationLightning	none	none	FALSE	20410	20420	20430	20520	0	0	Warlock
515	SC_515	BoneBrc	LghtBrc	PossessionLightning	EvocationLightning	DominationLightning	none	none	none	FALSE	20410	20420	20430	0	0	0	Warlock
516	SC_516	None	FireBrc	PossessionFire	ElementalMaster	none	none	none	none	FALSE	20210	30900	0	0	0	0	Warlock
517	SC_517	None	IceBrc	PossessionIce	ElementalMaster	none	none	none	none	FALSE	20310	30900	0	0	0	0	Warlock
518	SC_518	None	LghtBrc	PossessionLightning	ElementalMaster	none	none	none	none	FALSE	20410	30900	0	0	0	0	Warlock
519	SC_519	None	ElemBrc	LordofElemental	PossessionFire	PossessionIce	PossessionLightning	ElementalMaster	none	FALSE	20510	20210	20310	20410	30900	0	Warlock
600	SC_600	None	None	Bareknuckle	none	none	none	none	none	FALSE	10010	0	0	0	0	0	Grace
601	SC_601	None	Pistol	AimingShot	FreestyleShot	none	none	none	none	FALSE	11010	11020	0	0	0	0	Grace
602	SC_602	Pistol	Pistol	DoublegunsShot	none	none	none	none	none	FALSE	11030	0	0	0	0	0	Grace
603	SC_603	None	Rifle	StandingShot	KneelingShot	EncounterShot	Flintlock	none	none	FALSE	11110	11120	11610	11140	0	0	Grace
604	SC_604	None	Shotgun	ShotgunBlaster	GiganticBlaster	SuperiorBlaster	none	none	none	FALSE	11210	11230	11240	0	0	0	Grace
700	SC_700	None	None	Bareknuckle	none	none	none	none	none	FALSE	10010	0	0	0	0	0	Idge
701	SC_701	None	THSword	PlowGuard	TailGuard	RoofGuard	Sidewinder	HangingGuard	none	FALSE	10410	10420	10430	10440	10460	0	Idge
702	SC_702	None	Polearm	BlandirCruz	PenetrarCruz	MightyCruz	TronadaCruz	none	none	FALSE	10510	10520	10540	10550	0	0	Idge
800	SC_800	None	None	Bareknuckle	none	none	none	none	none	FALSE	10010	0	0	0	0	0	Claude
801	SC_801	None	Sword	BackGuard	none	none	none	none	none	FALSE	10110	0	0	0	0	0	Claude
802	SC_802	Sword	Sword	HackandSlash	none	none	none	none	none	FALSE	10130	0	0	0	0	0	Claude
803	SC_803	None	Sabre	MiddleGuard	BackGuard	none	none	none	none	FALSE	10310	10110	0	0	0	0	Claude
804	SC_804	Sabre	Sabre	TwinBlades	none	none	none	none	none	FALSE	10320	0	0	0	0	0	Claude
805	SC_805	None	THSword	PlowGuard	TailGuard	none	none	none	none	FALSE	10410	10420	0	0	0	0	Claude
806	SC_806	None	Polearm	BlandirCruz	PenetrarCruz	MightyCruz	TronadaCruz	none	none	FALSE	10510	10520	10540	10550	0	0	Claude
807	SC_807	None	Blunt	BackGuard	none	none	none	none	none	FALSE	10110	0	0	0	0	0	Claude
808	SC_808	None	Javelin	StabGuard	none	none	none	none	none	FALSE	10530	0	0	0	0	0	Claude
900	SC_900	None	None	Bareknuckle	none	none	none	none	none	FALSE	10010	0	0	0	0	0	Brunie
901	SC_901	None	Pistol	AimingShot	FreestyleShot	SightShot	WantedShot	none	none	FALSE	11010	11020	11040	11090	0	0	Brunie
902	SC_902	Pistol	Pistol	DoublegunsShot	OutrageShot	none	none	none	none	FALSE	11030	11050	0	0	0	0	Brunie
1000	SC_1000	None	None	Bareknuckle	none	none	none	none	none	FALSE	10010	0	0	0	0	0	Soldier
1001	SC_1001	None	Polearm	BlandirCruz	PenetrarCruz	MightyCruz	TronadaCruz	none	none	FALSE	10510	10520	10540	10550	0	0	Soldier
1002	SC_1002	None	Sword	BackGuard	Equites	none	none	none	none	FALSE	10110	10360	0	0	0	0	Soldier
1003	SC_1003	Shield	Sword	BackGuard	HighGuard	none	none	none	none	FALSE	10110	10120	0	0	0	0	Soldier
1004	SC_1004	None	Blunt	BackGuard	none	none	none	none	none	FALSE	10110	0	0	0	0	0	Soldier
1005	SC_1005	Shield	Blunt	BackGuard	TheDefender	TheCrusader	none	none	none	FALSE	10110	10150	10170	0	0	0	Soldier
1100	SC_1100	None	None	Bareknuckle	none	none	none	none	none	FALSE	10010	0	0	0	0	0	Ramiro
1101	SC_1101	None	Sword	PlowGuard	RoofGuard	Sidewinder	HangingGuard	none	none	FALSE	10410	10430	10440	10460	0	0	Ramiro
1102	SC_1102	None	MainG	MiddleGuard	LowGuard	BackGuard	none	none	none	FALSE	10310	10340	10110	0	0	0	Ramiro
1103	SC_1103	MainG	MainG	BloodyFeast	none	none	none	none	none	FALSE	12010	0	0	0	0	0	Ramiro
1200	SC_1200	None	None	Bareknuckle	none	none	none	none	none	FALSE	10010	0	0	0	0	0	Tiburon
1201	SC_1201	None	Sword	PlowGuard	TailGuard	Sidewinder	HangingGuard	none	none	FALSE	10410	10420	10440	10460	0	0	Tiburon
1202	SC_1202	None	MainG	MiddleGuard	LowGuard	BackGuard	none	none	none	FALSE	10310	10340	10110	0	0	0	Tiburon
1203	SC_1203	MainG	MainG	BloodyFeast	none	none	none	none	none	FALSE	12010	0	0	0	0	0	Tiburon
1300	SC_1300	None	None	InstallTrap	Construction	none	none	none	none	FALSE	30210	30220	0	0	0	0	Jack
1301	SC_1301	None	Polearm	PenetrarCruz	none	none	none	none	none	FALSE	10520	0	0	0	0	0	Jack
1302	SC_1302	None	Tool	InstallTrap	Construction	Destroyer	none	none	none	FALSE	30210	30220	30390	0	0	0	Jack
1400	SC_1400	None	None	InstallTrap	ConstructionYega	none	none	none	none	FALSE	30210	30230	0	0	0	0	Yeganeh
1401	SC_1401	None	Sword	BackGuard	none	none	none	none	none	FALSE	10110	0	0	0	0	0	Yeganeh
1402	SC_1402	Sword	Sword	HackandSlash	none	none	none	none	none	FALSE	10130	0	0	0	0	0	Yeganeh
1403	SC_1403	None	Tool	InstallTrap	ConstructionYega	GuardianStructure	none	none	none	FALSE	30210	30230	30400	0	0	0	Yeganeh
1500	SC_1500	None	None	InstallTrap	Construction	none	none	none	none	FALSE	30210	30220	0	0	0	0	Selden
1501	SC_1501	None	Dagger	Escrima	none	none	none	none	none	FALSE	10610	0	0	0	0	0	Selden
1502	SC_1502	None	Tool	InstallTrap	Construction	none	none	none	none	FALSE	30210	30220	0	0	0	0	Selden
1600	SC_1600	None	None	Bareknuckle	none	none	none	none	none	FALSE	10010	0	0	0	0	0	Andre
1601	SC_1601	None	Rapier	EpeeGarde	SabreGarde	none	none	none	none	FALSE	10210	10220	0	0	0	0	Andre
1602	SC_1602	MainG	Rapier	MaingaucheGarde	none	none	none	none	none	FALSE	10230	0	0	0	0	0	Andre
1603	SC_1603	Rapier	Rapier	Rapiere	none	none	none	none	none	FALSE	10370	0	0	0	0	0	Andre
1700	SC_1700	None	None	Bareknuckle	none	none	none	none	none	FALSE	10010	0	0	0	0	0	Panfilo
1701	SC_1701	None	Sword	BackGuard	none	none	none	none	none	FALSE	10110	0	0	0	0	0	Panfilo
1702	SC_1702	Sword	Sword	HackandSlash	none	none	none	none	none	FALSE	10130	0	0	0	0	0	Panfilo
1703	SC_1703	FireBrc	Sword	FlameGuard	Diable	none	none	none	none	FALSE	10720	10740	0	0	0	0	Panfilo
1704	SC_1704	None	Sabre	MiddleGuard	LowGuard	none	none	none	none	FALSE	10310	10340	0	0	0	0	Panfilo
1705	SC_1705	FireBrc	Sabre	FlameGuard	Diable	none	none	none	none	FALSE	10720	10740	0	0	0	0	Panfilo
1706	SC_1706	Sabre	Sabre	BloodyFeast	none	none	none	none	none	FALSE	12010	0	0	0	0	0	Panfilo
1800	SC_1800	None	None	Bareknuckle	none	none	none	none	none	FALSE	10010	0	0	0	0	0	Jose
1801	SC_1801	None	Polearm	BlandirCruz	PenetrarCruz	MightyCruz	none	none	none	FALSE	10510	10520	10540	0	0	0	Jose
1802	SC_1802	None	Cannon	SiegeBurst	GiganticMarksmanship	DemolitionBurst	none	none	none	FALSE	11310	11320	11340	0	0	0	Jose
1900	SC_1900	None	None	Bareknuckle	none	none	none	none	none	FALSE	10010	0	0	0	0	0	Adelina
1901	SC_1901	None	Sabre	MiddleGuard	LowGuard	BackGuard	none	none	none	FALSE	10310	10340	10110	0	0	0	Adelina
1902	SC_1902	Sabre	Sabre	TwinBlades	BloodyFeast	none	none	none	none	FALSE	10320	12010	0	0	0	0	Adelina
1903	SC_1903	Pistol	Sabre	HeavenorHell	Corsair	none	none	none	none	FALSE	10710	40300	0	0	0	0	Adelina
1904	SC_1904	None	Pistol	FreestyleShot	none	none	none	none	none	FALSE	11020	0	0	0	0	0	Adelina
1905	SC_1905	Pistol	Pistol	DoublegunsShot	none	none	none	none	none	FALSE	11030	0	0	0	0	0	Adelina
2000	SC_2000	None	None	PhantomIllusion	PossessionFire	none	none	none	none	FALSE	20130	20210	0	0	0	0	MBoma
2001	SC_2001	None	Staff	PhantomIllusion	Anathema	Levitation	ThePowerofDarkness	none	none	FALSE	20130	20160	20140	20170	0	0	MBoma
2003	SC_2003	None	FireBrc	PossessionFire	none	none	none	none	none	FALSE	20210	0	0	0	0	0	MBoma
2004	SC_2004	FireBrc	FireBrc	PossessionFire	EvocationFire	DominationFire	none	none	none	FALSE	20210	20220	20230	0	0	0	MBoma
2005	SC_2005	BoneBrc	FireBrc	PossessionFire	EvocationFire	DominationFire	none	none	none	FALSE	20210	20220	20230	0	0	0	MBoma
2100	SC_2100	None	None	Fortitudo	TacticalAssistance	Bareknuckle	none	none	none	FALSE	30120	30140	10010	0	0	0	Soho
2101	SC_2101	None	Dagger	Escrima	Arnis	none	none	none	none	FALSE	10610	10660	0	0	0	0	Soho
2102	SC_2102	None	Rosario	Fortitudo	TacticalAssistance	EnhancedTactics	none	none	none	FALSE	30120	30140	30160	0	0	0	Soho
2200	SC_2200	None	None	Bareknuckle	none	none	none	none	none	FALSE	10010	0	0	0	0	0	Alejandro
2201	SC_2201	None	THSword	PlowGuard	TailGuard	none	none	none	none	FALSE	10410	10420	0	0	0	0	Alejandro
2202	SC_2202	None	Polearm	BlandirCruz	PenetrarCruz	MightyCruz	TronadaCruz	none	none	FALSE	10510	10520	10540	10550	0	0	Alejandro
2203	SC_2203	None	Javelin	StabGuard	none	none	none	none	none	FALSE	10530	0	0	0	0	0	Alejandro
2300	SC_2300	None	None	Bareknuckle	none	none	none	none	none	FALSE	10010	0	0	0	0	0	Lisa
2301	SC_2301	None	Dagger	Escrima	Arnis	none	none	none	none	FALSE	10610	10660	0	0	0	0	Lisa
2302	SC_2302	Dagger	Dagger	DobaladaCorte	RaidAssault	BlitzAssault	none	none	none	FALSE	10620	10650	10690	0	0	0	Lisa
2400	SC_2400	None	None	FirstAid	ESP	Incantation	none	none	none	FALSE	30110	30120	20120	20150	0	0	Emilia
2401	SC_2401	None	Rod	ESP	Incantation	ThePowerofDarkness	none	none	none	FALSE	20120	20150	20170	0	0	0	Emilia
2404	SC_2404	None	Rosario	FirstAid	Fortitudo	TacticalAssistance	EnhancedTactics	none	none	FALSE	30110	30120	30140	30160	0	0	Emilia
2405	SC_2405	None	Rosario	FirstAid	TacticalAssistance	EnhancedTactics	none	none	none	FALSE	30110	30120	30140	30160	0	0	Emilia
2500	SC_2500	None	None	Bareknuckle	none	none	none	none	none	FALSE	10010	0	0	0	0	0	Sharif
2501	SC_2501	None	Rifle	AggressiveShot	InroadShot	EncounterShot	Flintlock	SnipeShot	none	FALSE	11410	11420	11610	11140	11530	0	Sharif
2502	SC_2502	None	Sabre	MiddleGuard	LowGuard	none	none	none	none	FALSE	10310	10340	0	0	0	0	Sharif
2503	SC_2503	Sabre	Sabre	TwinBlades	BloodyFeast	none	none	none	none	FALSE	10320	12010	0	0	0	0	Sharif
2600	SC_2600	None	None	InstallTrap	none	none	none	none	none	FALSE	30210	0	0	0	0	0	Lorch
2601	SC_2601	None	Shotgun	HuntingBlaster	GiganticBlaster	DuelBlaster	none	none	none	FALSE	11220	11230	11250	0	0	0	Lorch
2700	SC_2700	None	None	Bareknuckle	none	none	none	none	none	FALSE	10010	0	0	0	0	0	Gurtrude
2701	SC_2701	None	Knuckle	MartialArtsG	none	none	none	none	none	FALSE	10020	0	0	0	0	0	Gurtrude
2702	SC_2702	Leguard	Knuckle	MartialArtsG	MasterMartialArts	none	none	none	none	FALSE	10020	10070	0	0	0	0	Gurtrude
2800	SC_2800	None	None	BareknuckleR	none	none	none	none	none	FALSE	10011	0	0	0	0	0	RescueKnight
2801	SC_2801	None	Sword	DefendingGuard	none	none	none	none	none	FALSE	10140	0	0	0	0	0	RescueKnight
2802	SC_2802	None	Rifle	DefendingShot	FlintlockR	none	none	none	none	FALSE	11130	11160	0	0	0	0	RescueKnight
2900	SC_2900	None	None	Bareknuckle	none	none	none	none	none	FALSE	10010	0	0	0	0	0	Karjalainen
2901	SC_2901	None	Rapier	EpeeGarde	SabreGarde	none	none	none	none	FALSE	10210	10220	0	0	0	0	Karjalainen
2902	SC_2902	IceBrc	Rapier	EpeeGlacier	SabreGlacier	FleurGlacier	none	none	none	FALSE	10240	10250	10750	0	0	0	Karjalainen
2903	SC_2903	Rapier	Rapier	Rapiere	none	none	none	none	none	FALSE	10370	0	0	0	0	0	Karjalainen
3000	SC_3000	None	None	BareknuckleG	none	none	none	none	none	FALSE	10012	0	0	0	0	0	Gracielo
3001	SC_3001	None	Knuckle	BareknuckleG	none	none	none	none	none	FALSE	10012	0	0	0	0	0	Gracielo
3002	SC_3002	None	Leguard	MartialArtsS	none	none	none	none	none	FALSE	10030	0	0	0	0	0	Gracielo
3003	SC_3003	Leguard	Knuckle	MartialArtsS	MasterMartialArts	none	none	none	none	FALSE	10030	10070	0	0	0	0	Gracielo
3004	SC_3004	None	None	BareknuckleG	none	none	none	none	none	FALSE	10012	0	0	0	0	0	GracieloHD
3005	SC_3005	None	Knuckle	BareknuckleG	none	none	none	none	none	FALSE	10012	0	0	0	0	0	GracieloHD
3006	SC_3006	None	Leguard	MartialArtsS	MartialArtsSN	none	none	none	none	FALSE	10030	30470	0	0	0	0	GracieloHD
3007	SC_3007	Leguard	Knuckle	MartialArtsS	none	none	none	none	none	FALSE	10030	0	0	0	0	0	GracieloHD
3100	SC_3100	None	None	Bareknuckle	none	none	none	none	none	FALSE	10010	0	0	0	0	0	Trooper
3101	SC_3101	None	Sword	BackGuard	Equites	none	none	none	none	FALSE	10110	10360	0	0	0	0	Trooper
3102	SC_3102	Shield	Sword	BackGuard	HighGuard	none	none	none	none	FALSE	10110	10120	0	0	0	0	Trooper
3103	SC_3103	Sword	Sword	HackandSlash	none	none	none	none	none	FALSE	10130	0	0	0	0	0	Trooper
3104	SC_3104	None	Polearm	BlandirCruz	PenetrarCruz	MightyCruz	TronadaCruz	none	none	FALSE	10510	10520	10540	10550	0	0	Trooper
3105	SC_3105	None	Blunt	BackGuard	none	none	none	none	none	FALSE	10110	0	0	0	0	0	Trooper
3106	SC_3106	Shield	Blunt	BackGuard	TheDefender	TheCrusader	none	none	none	FALSE	10110	10150	10170	0	0	0	Trooper
3200	SC_3200	None	None	Bareknuckle	none	none	none	none	none	FALSE	10010	0	0	0	0	0	Grandma
3201	SC_3201	None	THSword	PlowGuard	TailGuard	RoofGuard	Sidewinder	HangingGuard	none	FALSE	10410	10420	10430	10440	10460	0	Grandma
3300	SC_3300	None	None	Bareknuckle	none	none	none	none	none	FALSE	10010	0	0	0	0	0	Romina
3301	SC_3301	None	Sword	DefendingGuard	Equites2	none	none	none	none	FALSE	10140	14000	0	0	0	0	Romina
3302	SC_3302	None	Rifle	DefendingShot	Flintlock	none	none	none	none	FALSE	11130	11140	0	0	0	0	Romina
3400	SC_3400	None	None	Bareknuckle	none	none	none	none	none	FALSE	10010	0	0	0	0	0	CatherineSTR
3401	SC_3401	None	Sword	BackGuard	none	none	none	none	none	FALSE	10110	0	0	0	0	0	CatherineSTR
3402	SC_3402	Sword	Sword	HackandSlash	none	none	none	none	none	FALSE	10130	0	0	0	0	0	CatherineSTR
3403	SC_3403	Shield	Sword	BackGuard	HighGuard	TheCrusader	none	none	none	FALSE	10110	10120	10170	0	0	0	CatherineSTR
3404	SC_3404	Pistol	Sword	HeavenorHell	none	none	none	none	none	FALSE	10710	0	0	0	0	0	CatherineSTR
3405	SC_3405	None	Rapier	EpeeGarde	SabreGarde	none	none	none	none	FALSE	10210	10220	0	0	0	0	CatherineSTR
3406	SC_3406	MainG	Rapier	MaingaucheGarde	none	none	none	none	none	FALSE	10230	0	0	0	0	0	CatherineSTR
3407	SC_3407	None	Sabre	MiddleGuard	none	none	none	none	none	FALSE	10310	0	0	0	0	0	CatherineSTR
3408	SC_3408	Sabre	Sabre	TwinBlades	none	none	none	none	none	FALSE	10320	0	0	0	0	0	CatherineSTR
3409	SC_3409	Pistol	Sabre	HeavenorHell	none	none	none	none	none	FALSE	10710	0	0	0	0	0	CatherineSTR
3410	SC_3410	None	THSword	PlowGuard	TailGuard	RoofGuard	none	none	none	FALSE	10410	10420	10430	0	0	0	CatherineSTR
3411	SC_3411	None	Polearm	BlandirCruz	PenetrarCruz	PuppetLancer	none	none	none	FALSE	10510	10520	30340	0	0	0	CatherineSTR
3412	SC_3412	None	Dagger	Escrima	none	none	none	none	none	FALSE	10610	0	0	0	0	0	CatherineSTR
3413	SC_3413	Dagger	Dagger	DobaladaCorte	none	none	none	none	none	FALSE	10620	0	0	0	0	0	CatherineSTR
3414	SC_3414	None	Blunt	BackGuard	none	none	none	none	none	FALSE	10110	0	0	0	0	0	CatherineSTR
3415	SC_3415	Shield	Blunt	BackGuard	HighGuard	TheCrusader	none	none	none	FALSE	10110	10120	10170	0	0	0	CatherineSTR
3500	SC_3500	None	None	Bareknuckle	none	none	none	none	none	FALSE	10010	0	0	0	0	0	CatherineDEX
3501	SC_3501	None	Pistol	AimingShot	FreestyleShot	none	none	none	none	FALSE	11010	11020	0	0	0	0	CatherineDEX
3502	SC_3502	Pistol	Pistol	DoublegunsShot	OutrageShot	none	none	none	none	FALSE	11030	11050	0	0	0	0	CatherineDEX
3503	SC_3503	None	Rifle	StandingShot	KneelingShot	EncounterShot	PuppetShooter	none	none	FALSE	11110	11120	11610	30350	0	0	CatherineDEX
3504	SC_3504	None	Shotgun	ShotgunBlaster	GiganticBlaster	none	none	none	none	FALSE	11210	11230	0	0	0	0	CatherineDEX
3600	SC_3600	None	None	Bareknuckle	none	none	none	none	none	FALSE	10010	0	0	0	0	0	CatherineINT
3601	SC_3601	None	FireBrc	PossessionFire	none	none	none	none	none	FALSE	20210	0	0	0	0	0	CatherineINT
3602	SC_3602	FireBrc	FireBrc	PossessionFire	EvocationFire	none	none	none	none	FALSE	20210	20220	0	0	0	0	CatherineINT
3603	SC_3603	None	IceBrc	PossessionIce	none	none	none	none	none	FALSE	20310	0	0	0	0	0	CatherineINT
3604	SC_3604	IceBrc	IceBrc	PossessionIce	EvocationIce	none	none	none	none	FALSE	20310	20320	0	0	0	0	CatherineINT
3605	SC_3605	None	LghtBrc	PossessionLightning	none	none	none	none	none	FALSE	20410	0	0	0	0	0	CatherineINT
3606	SC_3606	LghtBrc	LghtBrc	PossessionLightning	EvocationLightning	none	none	none	none	FALSE	20410	20420	0	0	0	0	CatherineINT
3607	SC_3607	None	ElemBrc	LordofElemental	PossessionFire	PossessionIce	PossessionLightning	none	none	FALSE	20510	20210	20310	20410	0	0	CatherineINT
3608	SC_3608	BoneBrc	FireBrc	PossessionFire	EvocationFire	none	none	none	none	FALSE	20210	20220	0	0	0	0	CatherineINT
3609	SC_3609	BoneBrc	IceBrc	PossessionIce	EvocationIce	none	none	none	none	FALSE	20310	20320	0	0	0	0	CatherineINT
3610	SC_3610	BoneBrc	LghtBrc	PossessionLightning	EvocationLightning	none	none	none	none	FALSE	20410	20420	0	0	0	0	CatherineINT
3611	SC_3611	ElemBrc	ElemBrc	PuppetMagician	none	none	none	none	none	FALSE	30360	0	0	0	0	0	CatherineINT
3612	SC_3612	BoneBrc	ElemBrc	PuppetMagician	none	none	none	none	none	FALSE	30360	0	0	0	0	0	CatherineINT
3700	SC_3700	None	None	Marionette	none	none	none	none	none	FALSE	30310	0	0	0	0	0	CatherineREAL
3701	SC_3701	None	Controller	Marionette	PuppetMaster	none	none	none	none	FALSE	30310	30370	0	0	0	0	CatherineREAL
3702	SC_3702	None	Rosario	EnhancedTactics	none	none	none	none	none	FALSE	30160	0	0	0	0	0	CatherineREAL
3800	SC_3800	None	Rod	Psychokinesis	ESP	none	none	none	none	FALSE	20110	20120	0	0	0	0	Catherine
3801	SC_3801	None	Staff	Psychokinesis	PhantomIllusion	none	none	none	none	FALSE	20110	20130	0	0	0	0	Catherine
4000	SC_4000	Leguard	Knuckle	MasterMartialArts	MartialArtsS	MartialArtsG	none	none	none	FALSE	10070	10030	10020	0	0	0	SohoFighter
4200	SC_4200	None	Sword	BackGuard	none	none	none	none	none	FALSE	10110	0	0	0	0	0	IdgeBattle
4201	SC_4201	Shield	Sword	BackGuard	HighGuard	none	none	none	none	FALSE	10110	10120	0	0	0	0	IdgeBattle
4202	SC_4202	Sword	Sword	HackandSlash	none	none	none	none	none	FALSE	10130	0	0	0	0	0	IdgeBattle
4300	SC_4300	None	None	Bareknuckle	none	none	none	none	none	FALSE	10010	0	0	0	0	0	Selva
4301	SC_4301	None	Sword	BackGuard	none	none	none	none	none	FALSE	10110	0	0	0	0	0	Selva
4302	SC_4302	ArmShield	Sword	BackGuard	HighGuard	RapidaEspada	none	none	none	FALSE	10110	10120	10350	0	0	0	Selva
4303	SC_4303	None	Rapier	EpeeGarde	none	none	none	none	none	FALSE	10210	0	0	0	0	0	Selva
4304	SC_4304	ArmShield	Rapier	EpeeGarde	Cauchemar	none	none	none	none	FALSE	10210	10270	0	0	0	0	Selva
4400	SC_4400	None	None	Rescue	none	none	none	none	none	FALSE	30130	0	0	0	0	0	RescueKnightSnow
4401	SC_4401	None	Rifle	DefendingShot	none	none	none	none	none	FALSE	11130	0	0	0	0	0	RescueKnightSnow
4500	SC_4500	None	None	BareknuckleINF	none	none	none	none	none	FALSE	10013	0	0	0	0	0	Infantry
4501	SC_4501	None	Rifle	StandingShotINF	KneelingShotINF	Flintlock2	none	none	none	FALSE	11510	11520	11150	0	0	0	Infantry
4700	SC_4700	None	None	FirstAid	Fortitudo	TacticalAssistance	none	none	none	FALSE	30110	30120	30140	0	0	0	Viki
4701	SC_4701	None	Pendant	Amicus	Testis	TranceRobo	none	none	none	FALSE	30320	30330	30420	0	0	0	Viki
4702	SC_4702	None	Rosario	FirstAid	Fortitudo	TacticalAssistance	EnhancedTactics	none	none	FALSE	30110	30120	30140	30160	0	0	Viki
4800	SC_4800	None	None	BareknuckleG	none	none	none	none	none	FALSE	10012	0	0	0	0	0	Muathai
4801	SC_4801	None	Knuckle	Muathai	MartialArtsG	none	none	none	none	FALSE	10040	10020	0	0	0	0	Muathai
4802	SC_4802	None	Leguard	Muathai	MartialArtsS	none	none	none	none	FALSE	10040	10030	0	0	0	0	Muathai
4803	SC_4803	None	Knuckle	Muathai	MartialArtsG	GameQueenTest	none	none	none	FALSE	10040	10020	19980	0	0	0	Muathai
4804	SC_4804	None	Leguard	Muathai	MartialArtsS	GameQueenTest	none	none	none	FALSE	10040	10030	19980	0	0	0	Muathai
4805	SC_4805	Leguard	Knuckle	MartialArtsG	MartialArtsS	Muathai	MasterMartialArts	none	none	FALSE	10020	10030	10040	10070	0	0	Muathai
4900	SC_4900	None	None	InstallTrap	Construction	ConstructionYega	none	none	none	FALSE	30210	30220	30230	0	0	0	Angie
4901	SC_4901	None	Tool	InstallTrap	Construction	ConstructionYega	Architecture	none	none	FALSE	30210	30220	30230	30410	0	0	Angie
5000	SC_5000	None	None	GameQueen	GameQueen2	none	none	none	none	FALSE	19990	19970	0	0	0	0	GameQueen
5001	SC_5001	None	None	GameQueenTest	none	none	none	none	none	FALSE	19980	0	0	0	0	0	AlejandroGM
5002	SC_5002	None	None	GameQueen3	GameQueen2	none	none	none	none	FALSE	19991	19970	0	0	0	0	GameQueen2
5100	SC_5100	None	None	BareknuckleD	none	none	none	none	none	FALSE	10014	0	0	0	0	0	Dietrich
5101	SC_5101	Pistol	Rapier	AvanceGarde2	none	none	none	none	none	FALSE	10290	0	0	0	0	0	Dietrich
5102	SC_5102	MainG	Rapier	MaingaucheGarde2	none	none	none	none	none	FALSE	10280	0	0	0	0	0	Dietrich
5103	SC_5103	None	Sabre	MiddleGuard2	none	none	none	none	none	FALSE	10330	0	0	0	0	0	Dietrich
5104	SC_5104	Pistol	Sabre	HeavenorHell2	none	none	none	none	none	FALSE	10730	0	0	0	0	0	Dietrich
5105	SC_5105	None	Rapier	EpeeGarde2	GrimReaper	none	none	none	none	FALSE	10300	40730	0	0	0	0	Dietrich
5106	SC_5106	Rapier	Rapier	Rapiere2	Rapiere	none	none	none	none	FALSE	10400	0	0	0	0	0	Dietrich
5107	SC_5107	None	Rapier	EpeeGarde2	none	none	none	none	none	FALSE	10300	0	0	0	0	0	Dietrich2
5400	SC_5400	None	None	Bareknuckle	none	none	none	none	none	FALSE	10010	0	0	0	0	0	Soso
5401	SC_5401	None	Knuckle	MartialArtsF	MartialArtsG	none	none	none	none	FALSE	10050	10020	0	0	0	0	Soso
5402	SC_5402	None	Leguard	MartialArtsF	MartialArtsS	none	none	none	none	FALSE	10050	10030	0	0	0	0	Soso
5403	SC_5403	Leguard	Knuckle	MartialArtsG	MartialArtsS	MartialArtsF	MasterMartialArts	none	none	FALSE	10020	10030	10050	10070	0	0	Soso
5500	SC_5500	None	None	Bareknuckle	none	none	none	none	none	FALSE	10010	0	0	0	0	0	Rio
5501	SC_5501	None	Lute	Minstrel	Serenade	Prelude	none	none	none	FALSE	20610	30150	20620	0	0	0	Rio
5502	SC_5502	LghtBrc	LghtBrc	PossessionLightning	EvocationLightning	DominationLightning	none	none	none	FALSE	20410	20420	20430	0	0	0	Rio
5600	SC_5600	None	None	Bareknuckle	none	none	none	none	none	FALSE	10010	0	0	0	0	0	Backho
5601	SC_5601	None	Knuckle	MartialArtsM	MartialArtsG	none	none	none	none	FALSE	10060	10020	0	0	0	0	Backho
5602	SC_5602	None	Leguard	MartialArtsM	MartialArtsS	none	none	none	none	FALSE	10060	10030	0	0	0	0	Backho
5603	SC_5603	Leguard	Knuckle	MartialArtsG	MartialArtsS	MartialArtsM	MasterMartialArts	none	none	FALSE	10020	10030	10060	10070	0	0	Backho
5700	SC_5700	None	None	Bareknuckle	none	none	none	none	none	FALSE	10010	0	0	0	0	0	Calyce
5701	SC_5701	None	CrossBow	Arbalester	Sagitta	ShadowSting	none	none	none	FALSE	11710	11720	11730	0	0	0	Calyce
5702	SC_5702	None	Dagger	Escrima	none	none	none	none	none	FALSE	10610	0	0	0	0	0	Calyce
5703	SC_5703	Dagger	Dagger	DobaladaCorte	none	none	none	none	none	FALSE	10620	0	0	0	0	0	Calyce
5800	SC_5800	None	None	BareknuckleC	none	none	none	none	none	FALSE	10015	0	0	0	0	0	Clair
5801	SC_5801	None	THSword	NoviceGuard	TestedGuard	none	none	none	none	FALSE	10450	10670	0	0	0	0	Clair
5802	SC_5802	None	Cannon	NoviceMarksmanship	DemolitionBurst2	none	none	none	none	FALSE	11330	11350	0	0	0	0	Clair
5900	SC_5900	None	None	BareknuckleN	none	none	none	none	none	FALSE	10016	0	0	0	0	0	Nar
5901	SC_5901	None	Blunt	BackGuardN	none	none	none	none	none	FALSE	10390	0	0	0	0	0	Nar
5902	SC_5902	Blunt	Blunt	Combatant	none	none	none	none	none	FALSE	10160	0	0	0	0	0	Nar
5903	SC_5903	None	Crescent	Semilunar	none	none	none	none	none	FALSE	10470	0	0	0	0	0	Nar
6000	SC_6000	None	None	BareknuckleA	none	none	none	none	none	FALSE	10017	0	0	0	0	0	Ania
6001	SC_6001	None	Blunt	BackGuardN	none	none	none	none	none	FALSE	10390	0	0	0	0	0	Ania
6002	SC_6002	Blunt	Blunt	Combatant	none	none	none	none	none	FALSE	10160	0	0	0	0	0	Ania
6003	SC_6003	None	Tonfa	Gorgeous	none	none	none	none	none	FALSE	10380	0	0	0	0	0	Ania
6101	SC_6101	None	ElemBrc	ForgottenTheMagic	PossessionFire	PossessionIce	PossessionLightning	none	none	FALSE	20710	20210	20310	20410	0	0	Hellena
6102	SC_6102	ElemBrc	ElemBrc	MagicofOccultism	OccultismAssitance2	none	none	none	none	FALSE	20520	20540	0	0	0	0	Hellena
6103	SC_6103	None	FireBrc	PossessionFire	none	none	none	none	none	FALSE	20210	0	0	0	0	0	Hellena
6104	SC_6104	None	IceBrc	PossessionIce	none	none	none	none	none	FALSE	20310	0	0	0	0	0	Hellena
6105	SC_6105	None	LghtBrc	PossessionLightning	none	none	none	none	none	FALSE	20410	0	0	0	0	0	Hellena
6300	SC_6300	None	None	Psychokinesis	none	none	none	none	none	FALSE	20110	0	0	0	0	0	EmiliaLunatic
6301	SC_6301	None	Rod	Psychokinesis	ESP	Incantation	Levitation	Madness	none	FALSE	20110	20120	20150	20140	20180	0	EmiliaLunatic
6302	SC_6302	None	Staff	Psychokinesis	PhantomIllusion	Anathema	Levitation	Madness	none	FALSE	20110	20130	20160	20140	20180	0	EmiliaLunatic
6401	SC_6401	None	Sword	BackGuardAS	none	none	none	none	none	FALSE	10900	0	0	0	0	0	Asoka
6402	SC_6402	None	Sabre	BackGuardAS	MiddleGuardAS	LowGuardAS	none	none	none	FALSE	10900	10830	10850	0	0	0	Asoka
6403	SC_6403	Sabre	Sabre	TwinBladesAS	none	none	none	none	none	FALSE	10840	0	0	0	0	0	Asoka
6404	SC_6404	None	THSword	PlowGuardAS	RoofGuardAS	SidewinderAS	MoonGuard	none	none	FALSE	10870	10880	10890	10860	0	0	Asoka
6500	SC_6500	None	None	Bareknuckle	none	none	none	none	none	FALSE	10010	0	0	0	0	0	CatherineTorsche
6501	SC_6501	None	Dagger	Escrima	none	none	none	none	none	FALSE	10610	0	0	0	0	0	CatherineTorsche
6502	SC_6502	Dagger	Dagger	DobaladaCorte	RaidAssault	DeathChopping	none	none	none	FALSE	10620	10650	10680	0	0	0	CatherineTorsche
6601	SC_6601	None	None	FirstAid2	none	none	none	none	none	FALSE	30180	0	0	0	0	0	Valleria
6602	SC_6602	None	Rosario	Innocentio	EnhancedTactics2	FirstAid2	none	none	none	FALSE	30170	30190	30180	0	0	0	Valleria
6701	SC_6701	None	None	Bareknuckle	none	none	none	none	none	FALSE	10010	0	0	0	0	0	Raven
6702	SC_6702	None	Rapier	EpeeGarde	SabreGarde	none	none	none	none	FALSE	10210	10220	0	0	0	0	Raven
6703	SC_6703	Pistol	Rapier	AvanceGarde	none	none	none	none	none	FALSE	10260	0	0	0	0	0	Raven
6704	SC_6704	Rapier	Rapier	Rapiere	none	none	none	none	none	FALSE	10370	0	0	0	0	0	Raven
6705	SC_6705	None	Pistol	AimingShot	FreestyleShot	SightShot	none	none	none	FALSE	11010	11020	11040	0	0	0	Raven
6706	SC_6706	Rapier	Pistol	Croisement	none	none	none	none	none	FALSE	11060	0	0	0	0	0	Raven
6801	SC_6801	None	None	Bareknuckle	none	none	none	none	none	FALSE	10010	0	0	0	0	0	Leonele
6802	SC_6802	None	Pistol	FreestyleShot	none	none	none	none	none	FALSE	11020	0	0	0	0	0	Leonele
6803	SC_6803	Pistol	Pistol	OutrageShot	none	none	none	none	none	FALSE	11050	0	0	0	0	0	Leonele
6804	SC_6804	Pistol	Rifle	Punisher	none	none	none	none	none	FALSE	11800	0	0	0	0	0	Leonele
6807	SC_6807	None	Rifle	StandingShot	none	none	none	none	none	FALSE	11110	0	0	0	0	0	Leonele
6901	SC_6901	None	None	Bareknuckle	none	none	none	none	none	FALSE	10010	0	0	0	0	0	Grandies
6902	SC_6902	None	Sword	BackGuard	none	none	none	none	none	FALSE	10110	0	0	0	0	0	Grandies
6903	SC_6903	MainG	Sword	Soulbringer	none	none	none	none	none	FALSE	10570	0	0	0	0	0	Grandies
6904	SC_6904	None	THSword	TailGuard	Sidewinder	SoulGuard	none	none	none	FALSE	10420	10440	10580	0	0	0	Grandies
7000	SC_7000	None	None	BareknuckleR	none	none	none	none	none	FALSE	10011	0	0	0	0	0	Natalie
7001	SC_7001	None	Sword	DefendingGuard	Equites	none	none	none	none	FALSE	10140	10360	0	0	0	0	Natalie
7002	SC_7002	None	Rifle	DefendingShot	FlintlockR	none	none	none	none	FALSE	11130	11160	0	0	0	0	Natalie
7100	SC_7100	None	None	BareknuckleR	none	none	none	none	none	FALSE	10011	0	0	0	0	0	Daria
7101	SC_7101	None	Sword	DefendingGuard	Equites	none	none	none	none	FALSE	10140	10360	0	0	0	0	Daria
7102	SC_7102	None	Rifle	DefendingShot	FlintlockR	none	none	none	none	FALSE	11130	11160	0	0	0	0	Daria
7200	SC_7200	None	None	Bareknuckle	none	none	none	none	none	FALSE	10010	0	0	0	0	0	Ralph
7201	SC_7201	None	CrossBow	Sharpshooter	ShinySting	none	none	none	none	FALSE	11810	11820	0	0	0	0	Ralph
7300	SC_7300	None	None	PossessionFire	none	none	none	none	none	FALSE	20210	0	0	0	0	0	Ludin
7301	SC_7301	None	FireBrc	PossessionFire	none	none	none	none	none	FALSE	20210	0	0	0	0	0	Ludin
7302	SC_7302	FireBrc	FireBrc	PossessionFire	Efreet	none	none	none	none	FALSE	20210	20550	0	0	0	0	Ludin
7400	SC_7400	None	None	FirstAid	Fortitudo	none	none	none	none	FALSE	30110	30120	0	0	0	0	Berroniff
7401	SC_7401	None	Rosario	FirstAid	Fortitudo	EnhancedTactics	none	none	none	FALSE	30110	30120	30160	0	0	0	Berroniff
7402	SC_7402	None	Book	Hermetisme	none	none	none	none	none	FALSE	20560	0	0	0	0	0	Berroniff
7500	SC_7500	None	None	Bareknuckle	none	none	none	none	none	FALSE	10010	0	0	0	0	0	Adriana
7501	SC_7501	None	Sabre	MiddleGuard	none	none	none	none	none	FALSE	10310	0	0	0	0	0	Adriana
7502	SC_7502	None	Pistol	AimingShot	none	none	none	none	none	FALSE	11010	0	0	0	0	0	Adriana
7503	SC_7503	Pistol	Sabre	HeavenorHell	Cutlass	Carrier	none	none	none	FALSE	10710	12020	40400	0	0	0	Adriana
7600	SC_7600	None	None	Bareknuckle	none	none	none	none	none	FALSE	10010	0	0	0	0	0	Cruz
7601	SC_7601	None	Sword	BackGuard	none	none	none	none	none	FALSE	10110	0	0	0	0	0	Cruz
7602	SC_7602	Sword	Sword	HackandSlash	Furious	none	none	none	none	FALSE	10130	10180	0	0	0	0	Cruz
7700	SC_7700	None	None	PossessionIce	none	none	none	none	none	FALSE	20310	0	0	0	0	0	Ion
7701	SC_7701	None	IceBrc	PossessionIce	none	none	none	none	none	FALSE	20310	0	0	0	0	0	Ion
7702	SC_7702	IceBrc	IceBrc	PossessionIce	Frost	none	none	none	none	FALSE	20310	20570	0	0	0	0	Ion
7750	SC_7750	None	None	PossessionIce	none	none	none	none	none	FALSE	20310	0	0	0	0	0	Selane
7751	SC_7751	None	IceBrc	PossessionIce	none	none	none	none	none	FALSE	20310	0	0	0	0	0	Selane
7752	SC_7752	IceBrc	IceBrc	Maidenofglacier	none	none	none	none	none	FALSE	20340	0	0	0	0	0	Selane
7800	SC_7800	None	None	FirstAid	Fortitudo	none	none	none	none	FALSE	30110	30120	0	0	0	0	Vincent
7801	SC_7801	None	Rosario	FirstAid	Fortitudo	EnhancedTactics	none	none	none	FALSE	30110	30120	30160	0	0	0	Vincent
7802	SC_7802	None	Staff	Psychokinesis	Anathema	none	none	none	none	FALSE	20110	20160	0	0	0	0	Vincent
7803	SC_7803	None	Book	Abyss	none	none	none	none	none	FALSE	20200	0	0	0	0	0	Vincent
7900	SC_7900	None	None	PossessionLightning	none	none	none	none	none	FALSE	20410	0	0	0	0	0	Veatrice
7901	SC_7901	None	LghtBrc	PossessionLightning	none	none	none	none	none	FALSE	20410	0	0	0	0	0	Veatrice
7902	SC_7902	LghtBrc	LghtBrc	PossessionLightning	Tempest	none	none	none	none	FALSE	20410	20580	0	0	0	0	Veatrice
8000	SC_8000	None	None	FirstAid	Fortitudo	TacticalAssistance	none	none	none	FALSE	30110	30120	30140	0	0	0	Elisa
8001	SC_8001	None	Rosario	FirstAid	Fortitudo	TacticalAssistance	EnhancedTactics	Therapy	none	FALSE	30110	30120	30140	30160	30380	0	Elisa
8101	SC_8101	None	None	Bareknuckle	none	none	none	none	none	FALSE	10010	0	0	0	0	0	Racel
8102	SC_8102	None	Sabre	MiddleGuard	none	none	none	none	none	FALSE	10310	0	0	0	0	0	Racel
8103	SC_8103	MainG	Sabre	Sabretooth	none	none	none	none	none	FALSE	10590	0	0	0	0	0	Racel
8104	SC_8104	Dagger	Sabre	Sabretooth	none	none	none	none	none	FALSE	10590	0	0	0	0	0	Racel
8105	SC_8105	None	Dagger	Escrima	none	none	none	none	none	FALSE	10610	0	0	0	0	0	Racel
8106	SC_8106	Dagger	Dagger	DobaladaCorte	RaidAssault	none	none	none	none	FALSE	10620	10650	0	0	0	0	Racel
8200	SC_8200	None	None	Bareknuckle	none	none	none	none	none	FALSE	10010	0	0	0	0	0	Mary
8201	SC_8201	None	Shotgun	ShotgunBlaster	GiganticBlaster	Sweeper	none	none	none	FALSE	11210	11230	11260	0	0	0	Mary
8300	SC_8300	None	None	Bareknuckle	none	none	none	none	none	FALSE	10010	0	0	0	0	0	Tora
8301	SC_8301	None	Dagger	Escrima	none	none	none	none	none	FALSE	10610	0	0	0	0	0	Tora
8302	SC_8302	None	Javelin	StabGuard	none	none	none	none	none	FALSE	10530	0	0	0	0	0	Tora
8303	SC_8303	Dagger	Javelin	DarkAvenger	none	none	none	none	none	FALSE	10600	0	0	0	0	0	Tora
8400	SC_8400	None	None	Bareknuckle	none	none	none	none	none	FALSE	10010	0	0	0	0	0	jd
8401	SC_8401	None	Sword	BackGuardN	MiddleGuard	LowGuard	RoyalGuard	none	none	FALSE	10390	10310	10340	10190	0	0	jd
8402	SC_8402	None	Sabre	BackGuardN	MiddleGuard	LowGuard	RoyalGuard	none	none	FALSE	10390	10310	10340	10190	0	0	jd
8403	SC_8403	None	Rapier	BackGuardN	MiddleGuard	LowGuard	RoyalGuard	none	none	FALSE	10390	10310	10340	10190	0	0	jd
8404	SC_8404	None	THSword	BackGuardN	MiddleGuard	LowGuard	RoyalGuard	none	none	FALSE	10390	10310	10340	10190	0	0	jd
8405	SC_8405	None	Blunt	BackGuardN	MiddleGuard	LowGuard	RoyalGuard	none	none	FALSE	10390	10310	10340	10190	0	0	jd
8406	SC_8406	None	Crescent	BackGuardN	MiddleGuard	LowGuard	RoyalGuard	none	none	FALSE	10390	10310	10340	10190	0	0	jd
8500	SC_8500	None	None	Psychokinesis	none	none	none	none	none	FALSE	20110	0	0	0	0	0	Marchetti
8501	SC_8501	None	Rod	Psychokinesis	none	none	none	none	none	FALSE	20110	0	0	0	0	0	Marchetti
8502	SC_8502	None	Cube	DIstortionCube	none	none	none	none	none	FALSE	20630	0	0	0	0	0	Marchetti
8600	SC_8600	None	None	Fortitudo	none	none	none	none	none	FALSE	30120	0	0	0	0	0	Kano
8601	SC_8601	None	Book	EnhancedTactics3	BristiaEncyclopedia	none	none	none	none	FALSE	30200	20640	0	0	0	0	Kano
8700	SC_8700	None	None	Psychokinesis	none	none	none	none	none	FALSE	20110	0	0	0	0	0	Sharon
8701	SC_8701	None	Staff	Psychokinesis	Levitation	Trickinesys	none	none	none	FALSE	20110	20140	20650	0	0	0	Sharon
8800	SC_8800	None	None	Bareknuckle	none	none	none	none	none	FALSE	10010	0	0	0	0	0	Barrel
8801	SC_8801	None	Pistol	FreestyleShot	none	none	none	none	none	FALSE	11020	0	0	0	0	0	Barrel
8802	SC_8802	Pistol	Pistol	DoublegunsShot	OutrageShot	Cobra	none	none	none	FALSE	11030	11050	30440	0	0	0	Barrel
8900	SC_8900	None	None	Bareknuckle	none	none	none	none	none	FALSE	10010	0	0	0	0	0	Freeday
8901	SC_8901	None	Lute	Serenade	Rocking 	none	none	none	none	FALSE	30150	20660	0	0	0	0	Freeday
9000	SC_9000	None	None	Bareknuckle	none	none	none	none	none	FALSE	10010	0	0	0	0	0	Heyran
9001	SC_9001	None	Dagger	BareknuckleH	none	none	none	none	none	FALSE	10018	0	0	0	0	0	Heyran
9002	SC_9002	Dagger	Dagger	FemmeFatale	none	none	none	none	none	FALSE	30430	0	0	0	0	0	Heyran
9101	SC_9101	None	None	Bareknuckle	none	none	none	none	none	FALSE	10010	0	0	0	0	0	Grandies2
9102	SC_9102	None	THSword	TailGuard	Sidewinder	SoulGuard	HangingGuard	none	none	FALSE	10420	10440	10580	10460	0	0	Grandies2
9200	SC_9200	None	None	Bareknuckle	none	none	none	none	none	FALSE	10010	0	0	0	0	0	Sorang
9201	SC_9201	None	Knuckle	MartialArtsF	MartialArtsG	none	none	none	none	FALSE	10050	10020	0	0	0	0	Sorang
9202	SC_9202	None	Leguard	MartialArtsF	MartialArtsS	none	none	none	none	FALSE	10050	10030	0	0	0	0	Sorang
9203	SC_9203	Leguard	Knuckle	MartialArtsG	MartialArtsS	MartialArtsF	MartialArtsT	none	none	FALSE	10020	10030	10050	10080	0	0	Sorang
9300	SC_9300	None	None	Bareknuckle	none	none	none	none	none	FALSE	10010	0	0	0	0	0	GraceSniper
9301	SC_9301	None	Pistol	FreestyleShot	none	none	none	none	none	FALSE	11020	0	0	0	0	0	GraceSniper
9302	SC_9302	Pistol	Pistol	DoublegunsShot	none	none	none	none	none	FALSE	11030	11050	0	0	0	0	GraceSniper
9303	SC_9303	None	Rifle	StandingShot	KneelingShot	Flintlock	none	none	none	FALSE	11110	11120	11140	11530	0	0	GraceSniper
9400	SC_9400	None	Blunt	BackGuardGame	none	none	none	none	none	FALSE	19000	0	0	0	0	0	FighterGame
9401	SC_9401	None	Rifle	KneelingShotGame	none	none	none	none	none	FALSE	19001	0	0	0	0	0	MusketeerGame
9402	SC_9402	None	Polearm	PuppetLancerGame	none	none	none	none	none	FALSE	19002	0	0	0	0	0	CatherineSTRGame
9403	SC_9403	None	Rod	IncantationGame	LevitationGame	none	none	none	none	FALSE	19003	19004	0	0	0	0	WizardGame
9404	SC_9404	None	Pistol	AimingShotGame	none	none	none	none	none	FALSE	19005	0	0	0	0	0	RavenGame
9405	SC_9405	Knuckle	Dagger	CustomShadowAssault	none	none	none	none	none	FALSE	19006	0	0	0	0	0	CustomSpyOlivia
9406	SC_9406	Pistol	Rifle	CustomPunisher	none	none	none	none	none	FALSE	19007	0	0	0	0	0	CustomKess
9407	SC_9407	None	THSword	BackGuardN	MiddleGuard	LowGuard	HangingGuard	CustomRoyalGuard	none	FALSE	10390	10310	10340	10460	19008	0	CustomNeolith
9408	SC_9408	CrossBow	CrossBow	TwinSting	none	none	none	none	none	FALSE	19009	0	0	0	0	0	CustomVeil
9409	SC_9409	Rapier	Rapier	CustomRapiere2	none	none	none	none	none	FALSE	19010	0	0	0	0	0	CustomEduardo
9410	SC_9410	None	Sabre	CustomMiddleGuard2	none	none	none	none	none	FALSE	19011	0	0	0	0	0	CustomEduardo
9411	SC_9411	None	None	CustomBackGuard	none	none	none	none	none	FALSE	19012	0	0	0	0	0	CustomFighter
9412	SC_9412	None	Shotgun	CustomSuperiorBlaster	none	none	none	none	none	FALSE	19013	0	0	0	0	0	CustomGrace
9413	SC_9413	None	Polearm	CustomVigilar	none	none	none	none	none	FALSE	19014	0	0	0	0	0	CustomNena
9414	SC_9414	Shield	Sword	CustomHollyShielder	none	none	none	none	none	FALSE	19015	0	0	0	0	0	CustomSerious
9415	SC_9415	None	Pistol	CustomSaintShot	none	none	none	none	none	FALSE	19016	0	0	0	0	0	CustomLaura
9416	SC_9416	None	THSword	RoofGuard	Sidewinder	CustomInfiernoGuard	none	none	none	FALSE	10430	10440	19017	0	0	0	CustomPatrick
9417	SC_9417	Rifle	Pistol	CustomExPunisher	none	none	none	none	none	FALSE	19019	0	0	0	0	0	CustomCLeonele
9418	SC_9418	None	Rapier	CustomRoyalGuard	none	none	none	none	none	FALSE	19008	0	0	0	0	0	Neolith_Ev
9419	SC_9419	None	Tonfa	CustomEagleClaw	none	none	none	none	none	FALSE	19020	0	0	0	0	0	CustomRoreta
9420	SC_9420	Leguard	Knuckle	CustomMasterMartialArts	none	none	none	none	none	FALSE	19021	0	0	0	0	0	CustomGracielo
9421	SC_9421	None	Book	CustomPlacidez	none	none	none	none	none	FALSE	19024	0	0	0	0	0	CustomVan
9422	SC_9422	None	Rosario	CustomCreacion	none	none	none	none	none	FALSE	19023	0	0	0	0	0	CustomAnies
9423	SC_9423	Shield	Javelin	CustomPeltast	none	none	none	none	none	FALSE	19025	0	0	0	0	0	CustomArmFgt
9424	SC_9424	Sabre	Sword	CustomRosaSecreta	none	none	none	none	none	FALSE	19026	0	0	0	0	0	CustomLeona
9425	SC_9425	None	Polearm	CustomQuasar	none	none	none	none	none	FALSE	19027	0	0	0	0	0	CustomJudith
9426	SC_9426	None	THSword	CustomImperialGuardian	none	none	none	none	none	FALSE	19028	0	0	0	0	0	CustomLynn
9427	SC_9427	None	Book	CustomInferno	none	none	none	none	none	FALSE	19029	0	0	0	0	0	CustomSherlin
9428	SC_9428	None	Sword	CustomFretensis	none	None	none	none	none	FALSE	19030	0	0	0	0	0	CustomDiertrich
9430	SC_9430	None	Rapier	CustomVendetta	none	none	none	none	none	FALSE	19040	0	0	0	0	0	CustomVendetta
9431	SC_9431	LghtBrc	Knuckle	CustomLightningWolf	none	none	none	none	none	FALSE	19050	0	0	0	0	0	CustomLiung
9432	SC_9432	None	Lute	CustomSerenade	CustomRocking 	none	none	none	none	FALSE	19060	19070	0	0	0	0	CustomFreeday
9433	SC_9433	ElemBrc	ElemBrc	CustomFloresta	none	none	none	none	none	FALSE	19080	0	0	0	0	0	CustomSpirit
9434	SC_9434	None	Javelin	CustomGaebolg	none	none	none	none	none	FALSE	19090	0	0	0	0	0	CustomKei
9435	SC_9435	None	THSword	CustomGrave	none	none	none	none	none	FALSE	19110	0	0	0	0	0	CustomYeganeh2
9500	SC_9500	None	Knuckle	MartialArtsG	none	none	none	none	none	FALSE	10020	0	0	0	0	0	Liung
9501	SC_9501	None	LghtBrc	PossessionLightning	none	none	none	none	none	FALSE	20410	0	0	0	0	0	Liung
9502	SC_9502	LghtBrc	Knuckle	LightningWolf	none	none	none	none	none	FALSE	10090	0	0	0	0	0	Liung
9600	SC_9600	None	None	PossessionFire	none	none	none	none	none	FALSE	20210	0	0	0	0	0	Sherlin
9601	SC_9601	None	FireBrc	PossessionFire	none	none	none	none	none	FALSE	20210	0	0	0	0	0	Sherlin
9602	SC_9602	FireBrc	FireBrc	PossessionFire	EvocationFire	none	none	none	none	FALSE	20210	20220	0	0	0	0	Sherlin
9603	SC_9603	None	Book	Inferno	none	none	none	none	none	FALSE	30450	0	0	0	0	0	Sherlin
9700	SC_9700	None	None	Bareknuckle	none	none	none	none	none	FALSE	10010	0	0	0	0	0	Vendetta
9701	SC_9701	None	Rapier	EpeeGarde	Vendetta	EnhancedTactics4	none	none	none	FALSE	10210	10760	30240	0	0	0	Vendetta
9800	SC_9800	None	None	BareknuckleA	none	none	none	none	none	FALSE	10017	0	0	0	0	0	Viking
9801	SC_9801	None	Blunt	BackGuard	none	none	none	none	none	FALSE	10110	0	0	0	0	0	Viking
9802	SC_9802	Shield	Blunt	BackGuard	TheDefender	none	none	none	none	FALSE	10110	10150	0	0	0	0	Viking
9803	SC_9803	Blunt	Blunt	Combatant	Piracy	none	none	none	none	FALSE	10160	10770	0	0	0	0	Viking
9804	SC_9804	Sword	Blunt	Piracy	none	none	none	none	none	FALSE	10770	0	0	0	0	0	Viking
9805	SC_9805	Sabre	Blunt	Piracy	none	none	none	none	none	FALSE	10770	0	0	0	0	0	Viking
9806	SC_9806	Blunt	Sword	Piracy	none	none	none	none	none	FALSE	10770	0	0	0	0	0	Viking
9807	SC_9807	Sword	Sword	Piracy	none	none	none	none	none	FALSE	10770	0	0	0	0	0	Viking
9808	SC_9808	Sabre	Sword	Piracy	none	none	none	none	none	FALSE	10770	0	0	0	0	0	Viking
9809	SC_9809	Blunt	Sabre	Piracy	none	none	none	none	none	FALSE	10770	0	0	0	0	0	Viking
9810	SC_9810	Sword	Sabre	Piracy	none	none	none	none	none	FALSE	10770	0	0	0	0	0	Viking
9811	SC_9811	Sabre	Sabre	Piracy	none	none	none	none	none	FALSE	10770	0	0	0	0	0	Viking
9812	SC_9812	None	Sword	BackGuard	none	none	none	none	none	FALSE	10110	0	0	0	0	0	Viking
9813	SC_9813	None	Sabre	BackGuard	none	none	none	none	none	FALSE	10110	0	0	0	0	0	Viking
9900	SC_9900	None	None	Bareknuckle	none	none	none	none	none	FALSE	10010	0	0	0	0	0	Olivia
9901	SC_9901	None	Dagger	Escrima	none	none	none	none	none	FALSE	10610	0	0	0	0	0	Olivia
9902	SC_9902	Dagger	Dagger	DobaladaCorteOlivia	RaidAssaultOlivia	none	none	none	none	FALSE	10621	10651	0	0	0	0	Olivia
9903	SC_9903	Knuckle	Dagger	CombatAssault	none	none	none	none	none	FALSE	10700	0	0	0	0	0	Olivia
9904	SC_9904	Knuckle	Dagger	ShadowAssault	none	none	none	none	none	FALSE	10780	0	0	0	0	0	SpyOlivia
10000	SC_10000	None	None	Bareknuckle	none	none	none	none	none	FALSE	10010	0	0	0	0	0	Veil
10001	SC_10001	None	CrossBow	Sagitta	none	none	none	none	none	FALSE	11720	0	0	0	0	0	Veil
10002	SC_10002	CrossBow	CrossBow	TwinSting	none	none	none	none	none	FALSE	11900	0	0	0	0	0	Veil
10100	SC_10100	None	None	Bareknuckle	none	none	none	none	none	FALSE	10010	0	0	0	0	0	Spirit
10101	SC_10101	None	ElemBrc	LordofElemental	none	none	none	none	none	FALSE	20510	0	0	0	0	0	Spirit
10102	SC_10102	ElemBrc	ElemBrc	Floresta	none	none	none	none	none	FALSE	20690	0	0	0	0	0	Spirit
10200	SC_10200	None	None	Bareknuckle	none	none	none	none	none	FALSE	10010	0	0	0	0	0	Kess
10201	SC_10201	None	Pistol	AimingShot	none	none	none	none	none	FALSE	11010	0	0	0	0	0	Kess
10202	SC_10202	Pistol	Pistol	OutrageShot	none	none	none	none	none	FALSE	11050	0	0	0	0	0	Kess
10203	SC_10203	None	Rifle	StandingShot	KneelingShot	Flintlock	none	none	none	FALSE	11110	11120	11140	0	0	0	Kess
10204	SC_10204	Pistol	Rifle	Punisher	none	none	none	none	none	FALSE	11800	0	0	0	0	0	Kess
10205	SC_10205	None	HeavyRifle	HeavyStinger	none	none	none	none	none	FALSE	11830	0	0	0	0	0	Kess
10300	SC_10300	Book	Pistol	Illusiongunner	none	none	none	none	none	FALSE	20691	0	0	0	0	0	Rachel
10301	SC_10301	None	Pistol	Popgun	none	none	none	none	none	FALSE	20692	0	0	0	0	0	Rachel
10302	SC_10302	None	None	Popgun	none	none	none	none	none	FALSE	10010	0	0	0	0	0	Rachel
10400	SC_10400	None	None	Bareknuckle	none	none	none	none	none	FALSE	10010	0	0	0	0	0	Rosa
10401	SC_10401	None	Lute	CountryMusic	EnhancedTactics5	none	none	none	none	FALSE	30250	30260	0	0	0	0	Rosa
10500	SC_10500	None	None	Psychokinesis	none	none	none	none	none	FALSE	20110	0	0	0	0	0	MontoroPC
10501	SC_10501	None	Rod	Psychokinesis	PhantomIllusion	Anathema	Ambrosia	none	none	FALSE	20110	20130	20160	10100	0	0	MontoroPC
10502	SC_10502	None	Staff	Psychokinesis	PhantomIllusion	Anathema	Ambrosia	none	none	FALSE	20110	20130	20160	10100	0	0	MontoroPC
10505	SC_10505	None	Rod	Psychokinesis	PhantomIllusion	Anathema	IcyAmbrosia	none	none	FALSE	20110	20130	20160	10101	0	0	SMontoroPC
10506	SC_10506	None	Staff	Psychokinesis	PhantomIllusion	Anathema	IcyAmbrosia	none	none	FALSE	20110	20130	20160	10101	0	0	SMontoroPC
10600	SC_10600	None	None	Bareknuckle	none	none	none	none	none	FALSE	10010	0	0	0	0	0	ClaudeY
10601	SC_10601	None	Polearm	BlandirCruz	MightyCruz	RapidoCruz	none	none	none	FALSE	10510	10540	10200	0	0	0	ClaudeY
10602	SC_10602	None	None	FirstAid	ESP	none	none	none	none	FALSE	30110	20120	0	0	0	0	SierraLosPC
10603	SC_10603	None	Rod	FirstAid	ESP	Pythonis	none	none	none	FALSE	30110	20120	11790	0	0	0	SierraLosPC
10700	SC_10700	None	None	Bareknuckle	none	none	none	none	none	FALSE	10010	0	0	0	0	0	Nena
10701	SC_10701	None	Polearm	Vigilar	VioletaPerro	BlandirCruz	PenetrarCruz	MightyCruz	none	FALSE	30460	40190	10510	10520	10540	0	Nena
10750	SC_10750	None	None	Bareknuckle	none	none	none	none	none	FALSE	10010	0	0	0	0	0	Illusion
10751	SC_10751	None	Rapier	EpeeGarde	SabreGarde	IllGarde	none	none	none	FALSE	10210	10220	30480	0	0	0	Illusion
10801	SC_10801	None	None	PossessionIce	none	none	none	none	none	FALSE	20310	0	0	0	0	0	SherlinICE
10802	SC_10802	None	IceBrc	PossessionIce	none	none	none	none	none	FALSE	20310	0	0	0	0	0	SherlinICE
10803	SC_10803	IceBrc	IceBrc	PossessionIce	EvocationIce	none	none	none	none	FALSE	20310	20320	0	0	0	0	SherlinICE
10804	SC_10804	None	Book	Sneedronningen	none	none	none	none	none	FALSE	30490	0	0	0	0	0	SherlinICE
10901	SC_10901	None	None	Bareknuckle	none	none	none	none	none	FALSE	10010	0	0	0	0	0	Levin
10902	SC_10902	None	Sword	BackGuard	none	none	none	none	none	FALSE	10110	0	0	0	0	0	Levin
10903	SC_10903	ElemBrc	Sword	Desire	none	none	none	none	none	FALSE	30500	0	0	0	0	0	Levin
11001	SC_11001	None	None	Bareknuckle	none	none	none	none	none	FALSE	10010	0	0	0	0	0	Serious
11002	SC_11002	None	Sword	BackGuard	none	none	none	none	none	FALSE	10110	0	0	0	0	0	Serious
11003	SC_11003	Shield	Sword	BackGuard	HighGuard	HollyShielder	none	none	none	FALSE	10110	10120	30510	0	0	0	Serious
11004	SC_11004	Shield	Blunt	BackGuard	HollyShielder	none	none	none	none	FALSE	10110	30510	0	0	0	0	Serious
11005	SC_11005	None	Blunt	BackGuard	none	none	none	none	none	FALSE	10110	0	0	0	0	0	Serious
11101	SC_11101	None	None	BareknuckleCL	none	none	none	none	none	FALSE	10009	0	0	0	0	0	ClairCN
11102	SC_11102	None	Cannon	SiegeBurst1	CannonShooter	none	none	none	none	FALSE	30520	30530	0	0	0	0	ClairCN
11201	SC_11201	None	None	BareknuckleM	none	none	none	none	none	FALSE	10008	0	0	0	0	0	Mireille
11202	SC_11202	None	Rapier	EpeeGarde3	none	none	none	none	none	FALSE	10215	0	0	0	0	0	Mireille
11203	SC_11203	LghtBrc	Rapier	ElectronicKats	none	none	none	none	none	FALSE	30540	0	0	0	0	0	Mireille
11301	SC_11301	None	None	BareknuckleSe	none	none	none	none	none	FALSE	10007	0	0	0	0	0	Sesil
11302	SC_11302	None	CrossBow	ArcSting	none	none	none	none	none	FALSE	11740	0	0	0	0	0	Sesil
11401	SC_11401	None	None	BareknuckleSe	none	none	none	none	none	FALSE	10010	0	0	0	0	0	Laura
11402	SC_11402	None	Pistol	AimingShot	SightShot	SaintShot	none	none	none	FALSE	11010	11040	11100	0	0	0	Laura
11501	SC_11501	None	None	PossessionFire	none	none	none	none	none	FALSE	20210	0	0	0	0	0	BLudin
11502	SC_11502	None	FireBrc	PossessionFire	none	none	none	none	none	FALSE	20210	0	0	0	0	0	BLudin
11503	SC_11503	FireBrc	FireBrc	PossessionFire	InfernalBurn	none	none	none	none	FALSE	20210	20590	0	0	0	0	BLudin
11601	SC_11601	None	None	PossessionFire	none	none	none	none	none	FALSE	20210	0	0	0	0	0	SLudin
11602	SC_11602	None	FireBrc	PossessionFire	none	none	none	none	none	FALSE	20210	0	0	0	0	0	SLudin
11603	SC_11603	FireBrc	FireBrc	PossessionFire	InfernalBurn1	none	none	none	none	FALSE	20210	20591	0	0	0	0	SLudin
11700	SC_11700	None	None	Bareknuckle	none	none	none	none	none	FALSE	10010	0	0	0	0	0	Patrick
11701	SC_11701	None	THSword	RoofGuard	Sidewinder	InfiernoGuard	none	none	none	FALSE	10430	10440	30600	0	0	0	Patrick
11800	SC_11800	None	None	Bareknuckle	none	none	none	none	none	FALSE	10010	0	0	0	0	0	GEAN
11801	SC_11801	None	Dagger	BYL	none	none	none	none	none	FALSE	20600	0	0	0	0	0	GEAN
11901	SC_11901	None	Sabre	MiddleGuardMI	LowGuardMI	none	none	none	none	FALSE	10800	0	0	0	0	0	Mifuyu
11902	SC_11902	Sabre	Sabre	TwinBladesMI	none	none	none	none	none	FALSE	10810	0	0	0	0	0	Mifuyu
12001	SC_12001	None	None	PhantomIllusion2	none	none	none	none	none	FALSE	20131	0	0	0	0	0	Berthe
12002	SC_12002	None	Staff	PhantomIllusion2	none	none	none	none	none	FALSE	20131	0	0	0	0	0	Berthe
12003	SC_12003	None	Book	Thanatos	none	none	none	none	none	FALSE	30610	0	0	0	0	0	Berthe
12101	SC_12101	None	None	BareknuckleJ	none	none	none	none	none	FALSE	10005	0	0	0	0	0	Jane
12102	SC_12102	None	Pistol	FreestyleShot1	SightShot1	ResoningJournalist	none	none	none	FALSE	11021	11041	11540	0	0	0	Jane
12201	SC_12201	None	None	Bareknuckle	none	none	none	none	none	FALSE	10010	0	0	0	0	0	JIN
12202	SC_12202	None	Dagger	DSN	none	none	none	none	none	FALSE	20601	0	0	0	0	0	JIN
12301	SC_12301	None	None	BareknuckleRo	none	none	none	none	none	FALSE	10004	0	0	0	0	0	RORETA
12302	SC_12302	None	Tonfa	EagleClaw	none	none	none	none	none	FALSE	30620	0	0	0	0	0	RORETA
12303	SC_12303	None	None	FirstAid3	none	none	none	none	none	FALSE	30650	0	0	0	0	0	ANIES
12304	SC_12304	None	Rosario	FirstAid3	EnhancedTactics6	Placidez	none	none	none	FALSE	30650	30660	30630	0	0	0	ANIES
12305	SC_12305	None	None	Bareknuckle	none	none	none	none	none	FALSE	10010	0	0	0	0	0	CLeonele
12306	SC_12306	None	Pistol	FreestyleShot	none	none	none	none	none	FALSE	11020	0	0	0	0	0	CLeonele
12307	SC_12307	Pistol	Pistol	OutrageShot	none	none	none	none	none	FALSE	11050	0	0	0	0	0	CLeonele
12308	SC_12308	Rifle	Pistol	ExPunisher	none	none	none	none	none	FALSE	11840	0	0	0	0	0	CLeonele
12309	SC_12309	None	Rifle	StandingShot	none	none	none	none	none	FALSE	11110	0	0	0	0	0	CLeonele
12401	SC_12401	None	None	PhantomIllusion3	Anathema2	none	none	none	none	FALSE	20132	20161	0	0	0	0	Van
12402	SC_12402	None	Book	PhantomIllusion3	Anathema2	Abyss	Creacion	none	none	FALSE	20132	20161	20200	30640	0	0	Van
12501	SC_12501	None	None	Drawing	None	None	None	none	none	FALSE	30670	0	0	0	0	0	Elizabeth
12502	SC_12502	None	ElemBrc	Drawing	None	None	None	none	none	FALSE	30670	0	0	0	0	0	Elizabeth
12601	SC_12601	None	None	Bareknuckle	None	None	None	none	none	FALSE	10010	0	0	0	0	0	Dolores
12602	SC_12602	None	LghtBrc	DancingMagic	None	None	None	none	none	FALSE	30680	0	0	0	0	0	Dolores
12603	SC_12603	Book	LghtBrc	ElectronicHare	None	None	None	none	none	FALSE	30690	0	0	0	0	0	Dolores
12604	SC_12604	None	None	Bareknuckle	None	None	None	none	none	FALSE	10010	0	0	0	0	0	Lorraine
12605	SC_12605	None	ElemBrc	DancingMagic	None	None	None	none	none	FALSE	30680	0	0	0	0	0	Lorraine
12606	SC_12606	Book	ElemBrc	PsychicRev	None	None	None	none	none	FALSE	30700	0	0	0	0	0	Lorraine
12701	SC_12701	None	None	Savage	None	None	None	none	none	FALSE	30710	0	0	0	0	0	Bryan
12702	SC_12702	None	Knuckle	Savage	None	None	None	none	none	FALSE	30710	0	0	0	0	0	Bryan
12703	SC_12703	Knuckle	Knuckle	WildHammer	None	None	None	none	none	FALSE	30720	0	0	0	0	0	Bryan
12801	SC_12801	None	None	Savage	None	None	None	none	none	FALSE	30710	0	0	0	0	0	BryanRare
12802	SC_12802	None	Knuckle	Savage	None	None	None	none	none	FALSE	30710	0	0	0	0	0	BryanRare
12803	SC_12803	Knuckle	Knuckle	WildHammer	None	None	None	none	none	FALSE	30720	0	0	0	0	0	BryanRare
12901	SC_12901	None	None	BareknuckleB	None	None	None	none	none	FALSE	10019	0	0	0	0	0	Bane
12902	SC_12902	None	FireBrc	DemolitionRoar	None	None	None	none	none	FALSE	30730	0	0	0	0	0	Bane
13001	SC_13001	None	None	Bareknuckle	none	none	none	none	none	FALSE	10010	0	0	0	0	0	Lynn
13002	SC_13002	None	THSword	ImperialGuardian	none	none	none	none	none	FALSE	30740	0	0	0	0	0	Lynn
13101	SC_13101	None	None	Bareknuckle	none	none	none	none	none	FALSE	10010	0	0	0	0	0	LynnRare
13102	SC_13102	None	THSword	ImperialGuardianRare	none	none	none	none	none	FALSE	30750	0	0	0	0	0	LynnRare
13103	SC_13103	None	None	Bareknuckle	none	none	none	none	none	FALSE	10010	0	0	0	0	0	Evil
13104	SC_13104	None	LghtBrc	Machina	none	none	none	none	none	FALSE	30760	0	0	0	0	0	Evil
13105	SC_13105	None	None	Bareknuckle	none	none	none	none	none	FALSE	10010	0	0	0	0	0	Kevin
13106	SC_13106	None	LghtBrc	Machinarare	none	none	none	none	none	FALSE	30770	0	0	0	0	0	Kevin
12903	SC_12903	None	Sword	Secreto	none	none	None	none	none	FALSE	30780	0	0	0	0	0	Leona
12904	SC_12904	None	Sabre	Secreto	none	none	None	none	none	FALSE	30780	0	0	0	0	0	Leona
12905	SC_12905	Sabre	Sword	RosaSecreta	none	none	None	none	none	FALSE	30800	0	0	0	0	0	Leona
12906	SC_12906	None	Sword	SecretoRare	none	none	None	none	none	FALSE	30790	0	0	0	0	0	Leona2
12907	SC_12907	None	Sabre	SecretoRare	none	none	None	none	none	FALSE	30790	0	0	0	0	0	Leona2
12908	SC_12908	Sword	Sabre	RosaSecretaRare	none	none	None	none	none	FALSE	30810	0	0	0	0	0	Leona2
12909	SC_12909	None	None	BareknuckleLeona	none	none	None	none	none	FALSE	30820	0	0	0	0	0	Leona
12910	SC_12910	None	None	BareknuckleLeona	none	none	None	none	none	FALSE	30820	0	0	0	0	0	Leona2
13200	SC_13200	None	None	BareknuckleSA	none	none	none	none	none	FALSE	10021	0	0	0	0	0	Sariel
13201	SC_13201	None	Cube	MysticCube	none	none	none	none	none	FALSE	30830	0	0	0	0	0	Sariel
13202	SC_13202	Staff	Cube	Conviction	none	none	none	none	none	FALSE	30840	0	0	0	0	0	Sariel
13203	SC_13203	None	None	BareknuckleSA	none	none	none	none	none	FALSE	10021	0	0	0	0	0	Sariel2
13204	SC_13204	None	Cube	MysticCubeRare	none	none	none	none	none	FALSE	30831	0	0	0	0	0	Sariel2
13205	SC_13205	Staff	Cube	ConvictionRare	none	none	none	none	none	FALSE	30850	0	0	0	0	0	Sariel2
13206	SC_13206	None	Polearm	BlandirCruz	Quasar	none	none	none	none	FALSE	10510	30860	0	0	0	0	Judith
13207	SC_13207	None	Polearm	BlandirCruz	QuasarRare	none	none	none	none	FALSE	10510	30870	0	0	0	0	JudithRare
13208	SC_13208	None	None	Trick	None	None	None	none	none	FALSE	30880	0	0	0	0	0	Risky
13209	SC_13209	None	ElemBrc	Manipulation	None	None	None	none	none	FALSE	30890	0	0	0	0	0	Risky
13210	SC_13210	None	None	FirstAid4	TacticalAssistance2	none	none	none	none	FALSE	30910	30920	0	0	0	0	Amy
13211	SC_13211	None	Rosario	FirstAid4	TacticalAssistance2	EnhancedTactics7	none	none	none	FALSE	30910	30920	30930	0	0	0	Amy
13212	SC_13212	None	Book	Imperialtactics	None	None	none	none	none	FALSE	30940	0	0	0	0	0	Amy
13213	SC_13213	None	None	FirstAid4	TacticalAssistance2	None	none	none	none	FALSE	30910	30920	0	0	0	0	AmyRare
13214	SC_13214	None	Rosario	FirstAid4	TacticalAssistance2	EnhancedTactics7	none	none	none	FALSE	30910	30920	30930	0	0	0	AmyRare
13215	SC_13215	None	Book	ImperialtacticsRare	None	None	none	none	none	FALSE	30950	0	0	0	0	0	AmyRare
13216	SC_13216	ElemBrc	Sword	Istion	None	None	none	none	none	FALSE	30980	0	0	0	0	0	Neo10
13217	SC_13217	LghtBrc	Sword	Istion	None	None	none	none	none	FALSE	30980	0	0	0	0	0	Neo10
13218	SC_13218	FireBrc	Sword	Istion	None	None	none	none	none	FALSE	30980	0	0	0	0	0	Neo10
13219	SC_13219	IceBrc	Sword	Istion	None	None	none	none	none	FALSE	30980	0	0	0	0	0	Neo10
13220	SC_13220	None	None	Bareknuckle	none	none	none	none	none	FALSE	10010	0	0	0	0	0	KevinICE
13221	SC_13221	None	LghtBrc	Machinarare_ICE	none	none	none	none	none	FALSE	30970	0	0	0	0	0	KevinICE
13222	SC_13222	None	Pistol	AimingShot	SightShot	none	none	none	none	FALSE	11010	11040	0	0	0	0	Yuliana
13223	SC_13223	Rosario	Pistol	SacredBullet	none	none	none	none	none	FALSE	30990	0	0	0	0	0	Yuliana
13224	SC_13224	None	Sword	BackGuard	None	None	none	none	none	FALSE	10110	0	0	0	0	0	Neo10
13225	SC_13225	None	None	Bareknuckle	None	None	none	none	none	FALSE	10010	0	0	0	0	0	Diertrichherberthe
13226	SC_13226	None	Sword	BackGuard	Fretensis	None	none	none	none	FALSE	10110	40000	0	0	0	0	Diertrichherberthe
13227	SC_13227	None	None	Bareknuckle	None	None	none	none	none	FALSE	10010	0	0	0	0	0	DiertrichRare
13228	SC_13228	None	Sword	BackGuard	FretensisRare	None	none	none	none	FALSE	10110	40010	0	0	0	0	DiertrichRare
13301	SC_13301	None	Sabre	WrathGuard	None	None	none	none	none	FALSE	40020	0	0	0	0	0	Vanessa
13311	SC_13311	None	Sword	BackGuard	None	None	none	none	none	FALSE	10110	0	0	0	0	0	Hektor
13312	SC_13312	Pistol	Sword	BloodyPunisher	None	None	none	none	none	FALSE	40030	0	0	0	0	0	Hektor
13313	SC_13313	None	Sword	BackGuard	None	None	none	none	none	FALSE	10110	0	0	0	0	0	Nina
13314	SC_13314	Pistol	Sword	BloodyPunisher	None	None	none	none	none	FALSE	40030	0	0	0	0	0	Nina
13315	SC_13315	None	None	Bareknuckle	none	none	none	none	none	FALSE	10010	0	0	0	0	0	Jaina
13316	SC_13316	None	Shotgun	Cluster	none	none	none	none	none	FALSE	40040	0	0	0	0	0	Jaina
13317	SC_13317	None	None	Bareknuckle	none	none	none	none	none	FALSE	10010	0	0	0	0	0	NavyKano
13318	SC_13318	None	Book	Mythos	none	none	none	none	none	FALSE	40041	0	0	0	0	0	NavyKano
13319	SC_13319	None	None	Bareknuckle	none	none	none	none	none	FALSE	10010	0	0	0	0	0	ChiefKano
13320	SC_13320	None	Book	Mythos	none	none	none	none	none	FALSE	40041	0	0	0	0	0	ChiefKano
13330	SC_13330	None	None	PhantomIllusion	none	none	none	none	none	FALSE	20130	0	0	0	0	0	Aclla
13331	SC_13331	None	Rod	PhantomIllusion	Zodiac	none	none	none	none	FALSE	20130	40060	0	0	0	0	Aclla
13332	SC_13332	None	Staff	PhantomIllusion	Zodiac	none	none	none	none	FALSE	20130	40060	0	0	0	0	Aclla
13340	SC_13340	None	None	Bareknuckle	none	none	none	none	none	FALSE	10010	0	0	0	0	0	NatalieRare
13341	SC_13341	None	Rifle	TacticalShot	none	none	none	none	none	FALSE	40070	0	0	0	0	0	NatalieRare
13350	SC_13350	None	None	Bareknuckle	none	none	none	none	none	FALSE	10010	0	0	0	0	0	Daisy
13351	SC_13351	None	CrossBow	Adventure	none	none	none	none	none	FALSE	40080	0	0	0	0	0	Daisy
13352	SC_13352	None	None	Bareknuckle	none	none	none	none	none	FALSE	10010	0	0	0	0	0	CustomDaisy
13353	SC_13353	None	CrossBow	Adventure	none	none	none	none	none	FALSE	40080	0	0	0	0	0	CustomDaisy
13360	SC_13360	None	None	BareknuckleB2	None	None	None	none	none	FALSE	40100	0	0	0	0	0	Becky
13361	SC_13361	None	IceBrc	FreezeOver	None	None	None	none	none	FALSE	40090	0	0	0	0	0	Becky
13362	SC_13362	None	None	Bareknuckle	None	None	None	none	none	FALSE	10010	0	0	0	0	0	Kei
13363	SC_13363	None	Javelin	Gaebolg	None	None	None	none	none	FALSE	40110	0	0	0	0	0	Kei
13371	SC_13371	None	None	PhantomIllusion2	none	none	none	none	none	FALSE	20131	0	0	0	0	0	BertheIce
13372	SC_13372	None	Staff	PhantomIllusion2	none	none	none	none	none	FALSE	20131	0	0	0	0	0	BertheIce
13373	SC_13373	None	Book	Todestrieb	none	none	none	none	none	FALSE	40120	0	0	0	0	0	BertheIce
13381	SC_13381	None	None	BareknuckleSC	none	none	none	none	none	FALSE	10022	0	0	0	0	0	Scarlet
13382	SC_13382	None	Dagger	Malediction	none	none	none	none	none	FALSE	40130	0	0	0	0	0	Scarlet
13383	SC_13383	None	None	Bareknuckle	none	none	none	none	none	FALSE	10010	0	0	0	0	0	Ciel
13384	SC_13384	None	Leguard	Savate	none	none	none	none	none	FALSE	40140	0	0	0	0	0	Ciel
13385	SC_13385	None	None	Bareknuckle	none	none	none	none	none	FALSE	10010	0	0	0	0	0	CustomClaude
13386	SC_13386	None	Polearm	CustomTronadaCruz	none	none	none	none	none	FALSE	19100	0	0	0	0	0	CustomClaude
13387	SC_13387	None	None	Bareknuckle	none	none	none	none	none	FALSE	10010	0	0	0	0	0	Hermes
13388	SC_13388	None	HeavyRifle	Whisper	none	none	none	none	none	FALSE	40150	0	0	0	0	0	Hermes
13389	SC_13389	None	None	Bareknuckle	none	none	none	none	none	FALSE	10010	0	0	0	0	0	Joshua
13390	SC_13390	None	Book	Sereni	none	none	none	none	none	FALSE	40160	0	0	0	0	0	Joshua
13391	SC_13391	None	None	Bareknuckle	none	none	none	none	none	FALSE	10010	0	0	0	0	0	Joshua2
13392	SC_13392	None	Book	SereniRare	none	none	none	none	none	FALSE	40170	0	0	0	0	0	Joshua2
13393	SC_13393	None	None	Bareknuckle	none	none	none	none	none	FALSE	10010	0	0	0	0	0	Yeganeh2
13394	SC_13394	None	THSword	Grave	none	none	none	none	none	FALSE	40180	0	0	0	0	0	Yeganeh2
13395	SC_13395	None	None	Bareknuckle	none	none	none	none	none	FALSE	10010	0	0	0	0	0	Kael
13396	SC_13396	None	Sabre	MiddleGuard	none	none	none	none	none	FALSE	10310	0	0	0	0	0	Kael
13397	SC_13397	MainG	Sabre	Belief	none	none	none	none	none	FALSE	40200	0	0	0	0	0	Kael
13398	SC_13398	None	None	Bareknuckle	none	none	none	none	none	FALSE	10010	0	0	0	0	0	KaelRare
13399	SC_13399	None	Sabre	MiddleGuard	none	none	none	none	none	FALSE	10310	0	0	0	0	0	KaelRare
13400	SC_13400	MainG	Sabre	BeliefRare	none	none	none	none	none	FALSE	40201	0	0	0	0	0	KaelRare
13401	SC_13401	None	None	BareknuckleRA	none	none	none	none	none	FALSE	10023	0	0	0	0	0	Rachel2
13402	SC_13402	None	Pistol	Elegance	none	none	none	none	none	FALSE	40202	0	0	0	0	0	Rachel2
13403	SC_13403	None	None	BareknuckleRA	none	none	none	none	none	FALSE	10023	0	0	0	0	0	Rachel2Rare
13404	SC_13404	None	Pistol	Elegance1	none	none	none	none	none	FALSE	40203	0	0	0	0	0	Rachel2Rare
13405	SC_13405	None	None	Bareknuckle	none	none	none	none	none	FALSE	10010	0	0	0	0	0	DariaRare
13406	SC_13406	None	Sword	Balisada	none	none	none	none	none	FALSE	40204	0	0	0	0	0	DariaRare
13407	SC_13407	None	None	RogSlaysh	none	none	none	none	none	FALSE	40207	0	0	0	0	0	Eileen
13408	SC_13408	None	LghtBrc	BlackCat	none	none	none	none	none	FALSE	40205	0	0	0	0	0	Eileen
13409	SC_13409	None	None	ShoColla	none	none	none	none	none	FALSE	40208	0	0	0	0	0	EileenRare
13410	SC_13410	None	LghtBrc	ALS	none	none	none	none	none	FALSE	40206	0	0	0	0	0	EileenRare
13411	SC_13411	None	None	BareknuckleM	none	none	none	none	none	FALSE	10008	0	0	0	0	0	Rada
13412	SC_13412	None	Rod	Atlas	none	none	none	none	none	FALSE	40500	0	0	0	0	0	Rada
13413	SC_13413	None	Staff	Atlas	none	none	none	none	none	FALSE	40500	0	0	0	0	0	Rada
13414	SC_13414	None	None	FirstAid3	none	none	none	none	none	FALSE	30650	0	0	0	0	0	BertheRare
13415	SC_13415	None	Rod	Salvatize	EnhancedTactics8	none	none	none	none	FALSE	40600	40704	0	0	0	0	BertheRare
13417	SC_13417	None	None	BareknuckNan	none	none	none	none	none	FALSE	40700	0	0	0	0	0	Anies2
13418	SC_13418	None	Knuckle	FuRar	none	none	none	none	none	FALSE	40702	0	0	0	0	0	Anies2
13419	SC_13419	ArmShield	Knuckle	FuRar	none	none	none	none	none	FALSE	40702	0	0	0	0	0	Anies2
13420	SC_13420	None	None	Bareknuckle	none	none	none	none	none	FALSE	10010	0	0	0	0	0	bknight
13421	SC_13421	None	Sword	BackGuard	none	none	none	none	none	FALSE	10110	0	0	0	0	0	bknight
13422	SC_13422	Sword	Sword	Tyrfing	none	none	none	none	none	FALSE	40703	0	0	0	0	0	bknight
13430	SC_13430	None	None	Bareknuckle9	none	none	none	none	none	FALSE	10024	0	0	0	0	0	Calyce2
13431	SC_13431	None	CrossBow	Tenebra	none	none	none	none	none	FALSE	40710	0	0	0	0	0	Calyce2
13432	SC_13432	None	None	Bareknuckle	none	none	none	none	none	FALSE	10010	0	0	0	0	0	MISA
13433	SC_13433	None	Cannon	Railgun	none	none	none	none	none	FALSE	40720	0	0	0	0	0	MISA
13434	SC_13434	None	None	Bareknuckle	none	none	none	none	none	FALSE	10010	0	0	0	0	0	Coa
13435	SC_13435	None	Knuckle	Dadamos	none	none	none	none	none	FALSE	40740	0	0	0	0	0	Coa
13436	SC_13436	None	Leguard	Dadamos	none	none	none	none	none	FALSE	40740	0	0	0	0	0	Coa
13437	SC_13437	None	None	Bareknuckle	none	none	none	none	none	FALSE	10010	0	0	0	0	0	CoaRare
13438	SC_13438	None	Knuckle	DadamosRare	none	none	none	none	none	FALSE	40741	0	0	0	0	0	CoaRare
13439	SC_13439	None	Leguard	DadamosRare	none	none	none	none	none	FALSE	40741	0	0	0	0	0	CoaRare
13441	SC_13441	None	None	Billar	none	none	none	none	none	FALSE	10025	0	0	0	0	0	Kiss
13442	SC_13442	None	LghtBrc	ElectricaBillar	none	none	none	none	none	FALSE	40742	0	0	0	0	0	Kiss
13443	SC_13443	None	None	BareknuckleSakura	none	none	none	none	none	FALSE	10003	0	0	0	0	0	Sakura
13444	SC_13444	None	Polearm	ISN	none	none	none	none	none	FALSE	40743	0	0	0	0	0	Sakura
13445	SC_13445	None	None	BareknuckleSakura	none	none	none	none	none	FALSE	10003	0	0	0	0	0	SakuraRare
13446	SC_13446	None	Polearm	ISNRare	none	none	none	none	none	FALSE	40744	0	0	0	0	0	SakuraRare
13447	SC_13447	None	None	BareknuckleAisha	none	none	none	none	none	FALSE	10002	0	0	0	0	0	Aisha
13448	SC_13448	None	Rod	Talasa	none	none	none	none	none	FALSE	40745	0	0	0	0	0	Aisha
13449	SC_13449	None	Staff	Talasa	none	none	none	none	none	FALSE	40745	0	0	0	0	0	Aisha
13450	SC_13450	None	None	PossessionFire	PossessionIce	PossessionLightning	none	none	none	FALSE	20210	20310	20410	0	0	0	Navas
13451	SC_13451	None	FireBrc	PossessionFire	Void	none	none	none	none	FALSE	20210	40746	0	0	0	0	Navas
13452	SC_13452	None	IceBrc	PossessionIce	Void	none	none	none	none	FALSE	20310	40746	0	0	0	0	Navas
13453	SC_13453	None	LghtBrc	PossessionLightning	Void	none	none	none	none	FALSE	20410	40746	0	0	0	0	Navas
13454	SC_13454	None	ElemBrc	PossessionFire	PossessionIce	PossessionLightning	Void	none	none	FALSE	20210	20310	20410	40746	0	0	Navas
13455	SC_13455	None	None	Bareknuckle	none	none	none	none	none	FALSE	10010	0	0	0	0	0	Loo
13456	SC_13456	None	Crescent	Karima	none	none	none	none	none	FALSE	40800	0	0	0	0	0	Loo
13457	SC_13457	None	None	Bareknuckle	none	none	none	none	none	FALSE	10010	0	0	0	0	0	LooRare
13458	SC_13458	None	Crescent	KarimaRare	none	none	none	none	none	FALSE	40801	0	0	0	0	0	LooRare
13459	SC_13459	None	None	Lengatk	none	none	none	none	none	FALSE	10026	0	0	0	0	0	Zaved
13460	SC_13460	None	Book	Intoxicacion	none	none	none	none	none	FALSE	40802	0	0	0	0	0	Zaved
13461	SC_13461	None	None	Bareknuckle	none	none	none	none	none	FALSE	10010	0	0	0	0	0	Miho
13462	SC_13462	None	ElemBrc	Ninetail2	none	none	none	none	none	FALSE	40803	0	0	0	0	0	Miho
13463	SC_13463	None	None	Bareknuckle	none	none	none	none	none	FALSE	10010	0	0	0	0	0	Miha
13464	SC_13464	None	ElemBrc	Ninetail	none	none	none	none	none	FALSE	40804	0	0	0	0	0	Miha
13465	SC_13465	None	None	Bareknuckle	none	none	none	none	none	FALSE	10010	0	0	0	0	0	Barrelrare
13466	SC_13466	None	Pistol	Prid	none	none	none	none	none	FALSE	40805	0	0	0	0	0	Barrelrare
13467	SC_13467	None	None	Bareknuckle	none	none	none	none	none	FALSE	10010	0	0	0	0	0	Cassandra
13468	SC_13468	None	Polearm	Pilo	none	none	none	none	none	FALSE	40806	0	0	0	0	0	Cassandra
13469	SC_13469	None	None	Bareknuckle	none	none	none	none	none	FALSE	10010	0	0	0	0	0	Moon
13470	SC_13470	None	Rifle	Barbatos	none	none	none	none	none	FALSE	40807	0	0	0	0	0	Moon
13471	SC_13471	None	None	Bareknuckle	none	none	none	none	none	FALSE	10027	0	0	0	0	0	Nike
13472	SC_13472	None	Blunt	Retribution	none	none	none	none	none	FALSE	40808	0	0	0	0	0	Nike
13473	SC_13473	Shield	Blunt	Retribution	none	none	none	none	none	FALSE	40808	0	0	0	0	0	Nike
13474	SC_13474	None	None	Bareknuckle	none	none	none	none	none	FALSE	10010	0	0	0	0	0	Van2
13475	SC_13475	None	Book	Messia	none	none	none	none	none	FALSE	40809	0	0	0	0	0	Van2
13476	SC_13476	None	None	FirstAid5	none	none	none	none	none	FALSE	30651	0	0	0	0	0	Ornella
13477	SC_13477	None	Rod	Savior	none	none	none	none	none	FALSE	40811	0	0	0	0	0	Ornella
13478	SC_13478	None	Staff	Savior	none	none	none	none	none	FALSE	40811	0	0	0	0	0	Ornella
13479	SC_13479	None	None	PhantomIllusion4	Anathema3	none	none	none	none	FALSE	20133	20162	0	0	0	0	OrnellaRare
13480	SC_13480	None	Rod	Arma	none	none	none	none	none	FALSE	40812	0	0	0	0	0	OrnellaRare
13481	SC_13481	None	Staff	PhantomIllusion4	Anathema3	Arma	none	none	none	FALSE	20133	20162	40812	0	0	0	OrnellaRare
13482	SC_13482	None	Book	CustomMessia	none	none	none	none	none	FALSE	19150	0	0	0	0	0	CustomVan2
13483	SC_13483	None	None	Bareknuckle	None	None	None	none	none	FALSE	10010	0	0	0	0	0	CharlotRare
13484	SC_13484	None	FireBrc	FlameRoar	Lama	None	None	none	none	FALSE	40825	40826	0	0	0	0	CharlotRare
13486	SC_13486	None	None	Bareknuckle	none	none	none	none	none	FALSE	10010	0	0	0	0	0	RominaRare
13487	SC_13487	None	Rifle	ShootingCorperation	none	none	none	none	none	FALSE	40828	0	0	0	0	0	RominaRare
40000	SC_40000	None	None	CustomPsychokinesis	none	none	none	none	none	FALSE	30000	0	0	0	0	0	CustomWizard
40001	SC_40001	None	Rod	CustomPsychokinesis	CustomLevitation	none	none	none	none	FALSE	30000	30001	0	0	0	0	CustomWizard
40002	SC_40002	None	None	CustomPossessionFire	none	none	none	none	none	FALSE	30002	0	0	0	0	0	CustomWarlock
40003	SC_40003	None	FireBrc	CustomPossessionFire	none	none	none	none	none	FALSE	30002	0	0	0	0	0	CustomWarlock
40004	SC_40004	FireBrc	FireBrc	CustomPossessionFire	CustomEvocationFire	CustomDominationFire	none	none	none	FALSE	30002	30003	30004	0	0	0	CustomWarlock
40005	SC_40005	Shield	Sword	CustomBackGuard_JPN	CustomHighGuard_JPN	none	none	none	none	FALSE	30005	30006	0	0	0	0	CustomFighter
40006	SC_40006	None	None	PossessionIce	none	none	none	none	none	FALSE	20310	0	0	0	0	0	IceMage
40007	SC_40007	None	IceBrc	IceMage_Test	none	none	none	none	none	FALSE	19120	0	0	0	0	0	IceMage
40008	SC_40008	Blunt	Blunt	CustomPiracy	none	none	none	none	none	FALSE	19130	0	0	0	0	0	CustomViking
40009	SC_40009	None	Leguard	CustomDadamos	none	none	none	none	none	FALSE	19140	0	0	0	0	0	CustomCoa
100101	SC_100101	None	Sword	BackGuardMI	none	none	none	none	none	FALSE	110110	0	0	0	0	0	Fighter
